
21,52.393173,5.920568,3,32.74,101070,497.00
21,52.393173,5.920568,2,32.75,101080,503.00
21,52.393173,5.920568,3,32.74,101080,1018.00
21,52.393173,5.920568,2,32.75,101080,501.00
21,52.393173,5.920568,2,32.75,101080,1017.00
21,52.393173,5.920568,2,32.75,101080,508.00
21,52.393173,5.920568,3,32.75,101080,495.00
21,52.393173,5.920568,2,32.75,101080,505.00
21,52.393173,5.920568,2,32.75,101080,505.00
21,52.393173,5.920568,2,32.75,101080,488.00
21,52.393173,5.920568,3,32.75,101080,500.00
21,52.393173,5.920567,2,32.75,101080,499.00
21,52.393173,5.920567,3,32.75,101080,977.00
21,52.393173,5.920567,2,32.75,101080,606.00
20,52.393173,5.920567,2,32.77,101080,497.00
20,52.393173,5.920567,2,32.75,101080,498.00
20,52.393173,5.920567,3,32.75,101080,442.00
20,52.393173,5.920567,2,32.77,101080,512.00
21,52.393173,5.920567,2,32.78,101080,540.00
21,52.393173,5.920567,2,32.77,101080,501.00
21,52.393173,5.920567,2,32.77,101080,492.00
21,52.393173,5.920567,3,32.75,101080,481.00
20,52.393173,5.920567,2,32.78,101080,487.00
20,52.393173,5.920567,3,32.75,101080,490.00
20,52.393173,5.920567,3,32.77,101080,495.00
20,52.393173,5.920567,3,32.77,101080,1421.00
20,52.393173,5.920567,3,32.78,101080,492.00
20,52.393173,5.920567,3,32.77,101080,514.00
0,52.393173,5.920567,2,32.77,101080,528.00
21,52.393173,5.920567,2,32.78,101080,503.00
21,52.393173,5.920567,3,32.77,101080,490.00
21,52.393173,5.920567,3,32.77,101080,498.00
21,52.393173,5.920567,2,32.78,101080,498.00
21,52.393173,5.920567,2,32.78,101080,490.00
21,52.393173,5.920567,2,32.79,101080,482.00
21,52.393173,5.920567,2,32.79,101080,500.00
20,52.393173,5.920567,3,32.77,101080,964.00
20,52.393173,5.920567,2,32.78,101080,500.00
0,52.393173,5.920567,2,32.79,101080,519.00
20,52.393173,5.920567,2,32.79,101080,508.00
20,52.393173,5.920567,3,32.77,101080,520.00
20,52.393173,5.920567,2,32.79,101080,500.00
20,52.393173,5.920567,3,32.78,101080,677.00
20,52.393173,5.920567,2,32.79,101080,474.00
20,52.393173,5.920567,3,32.79,101080,455.00
20,52.393173,5.920567,2,32.80,101080,504.00
20,52.393173,5.920567,2,32.79,101080,442.00
19,52.393173,5.920567,2,32.80,101080,1448.00
0,52.393173,5.920567,2,32.80,101080,484.00
0,52.393173,5.920567,3,32.79,101080,476.00
19,52.393173,5.920567,2,32.79,101080,966.00
0,0.000000,0.000000,2,32.79,101080,491.00
19,52.393173,5.920567,3,32.80,101080,527.00
19,52.393173,5.920567,3,32.79,101080,1484.00
0,52.393173,5.920567,3,32.79,101080,499.00
19,52.393173,5.920567,3,32.79,101080,490.00
19,52.393173,5.920567,2,32.79,101080,509.00
20,52.393173,5.920567,2,32.80,101080,1510.00
20,52.393173,5.920567,2,32.80,101080,511.00
20,52.393173,5.920567,3,32.80,101080,504.00
20,52.393173,5.920567,3,32.78,101080,489.00
20,52.393173,5.920567,3,32.79,101070,504.00
20,52.393173,5.920567,2,32.80,101080,500.00
20,52.393173,5.920567,3,32.79,101080,500.00
0,52.393173,5.920567,2,32.83,101080,488.00
20,52.393173,5.920567,2,32.80,101080,986.00
20,52.393173,5.920567,3,32.80,101080,508.00
20,52.393173,5.920567,3,32.79,101080,518.00
20,52.393173,5.920567,3,32.80,101080,511.00
20,52.393173,5.920567,2,32.81,101080,992.00
20,52.393173,5.920567,3,32.80,101080,1512.00
0,0.000000,0.000000,2,32.80,101080,480.00
0,52.393173,5.920567,3,32.81,101080,510.00
21,52.393173,5.920567,3,32.81,101080,541.00
21,52.393173,5.920567,3,32.80,101070,483.00
22,52.393173,5.920567,3,32.81,101080,511.00
22,52.393173,5.920567,2,32.81,101080,479.00
22,52.393173,5.920567,3,32.81,101080,498.00
22,52.393173,5.920566,3,32.81,101080,519.00
22,52.393173,5.920566,2,32.82,101080,531.00
22,52.393173,5.920566,3,32.82,101080,502.00
22,52.393173,5.920566,3,32.82,101080,484.00
0,0.000000,0.000000,2,32.81,101080,456.00
22,52.393173,5.920566,3,32.82,101080,535.00
22,52.393173,5.920566,3,32.81,101070,501.00
22,52.393169,5.920566,3,32.81,101070,967.00
22,52.393169,5.920566,3,32.82,101080,1500.00
0,52.393169,5.920566,2,32.82,101080,493.00
0,52.393169,5.920566,2,32.82,101080,507.00
22,52.393169,5.920565,2,32.82,101080,1002.00
22,52.393169,5.920565,3,32.82,101080,494.00
22,52.393169,5.920566,2,32.83,101080,617.00
22,52.393169,5.920566,3,32.81,101080,487.00
22,52.393169,5.920566,3,32.82,101080,494.00
22,52.393169,5.920566,3,32.82,101080,436.00
21,52.393169,5.920566,3,32.83,101080,474.00
21,52.393169,5.920566,3,32.82,101080,1557.00
21,52.393169,5.920566,2,32.83,101080,496.00
21,52.393169,5.920566,3,32.82,101080,522.00
21,52.393169,5.920566,2,32.83,101080,483.00
0,0.000000,0.000000,2,32.83,101080,484.00
21,52.393169,5.920565,2,32.83,101080,438.00
21,52.393169,5.920565,2,32.83,101080,485.00
21,52.393169,5.920565,2,32.84,101080,499.00
21,52.393169,5.920565,3,32.83,101080,1003.00
0,0.000000,0.000000,3,32.83,101080,477.00
21,52.393169,5.920566,3,32.84,101080,1035.00
21,52.393169,5.920566,2,32.84,101080,524.00
22,52.393169,5.920566,3,32.84,101080,1003.00
22,52.393169,5.920566,2,32.84,101080,497.00
22,52.393169,5.920566,3,32.83,101080,502.00
22,52.393169,5.920566,2,32.84,101080,492.00
22,52.393169,5.920566,2,32.84,101080,986.00
21,52.393169,5.920566,2,32.83,101080,479.00
21,52.393169,5.920566,3,32.84,101080,499.00
21,52.393169,5.920566,2,32.84,101080,501.00
21,52.393169,5.920566,3,32.83,101080,494.00
21,52.393169,5.920567,3,32.84,101080,590.00
21,52.393169,5.920567,2,32.84,101080,435.00
21,52.393169,5.920567,3,32.84,101080,1008.00
21,52.393169,5.920567,2,32.84,101080,487.00
21,52.393173,5.920567,2,32.84,101080,509.00
21,52.393173,5.920567,3,32.84,101080,461.00
21,52.393173,5.920567,2,32.84,101080,967.00
0,52.393173,5.920567,3,32.84,101080,490.00
0,0.000000,0.000000,2,32.84,101080,470.00
21,52.393173,5.920567,3,32.84,101080,513.00
0,52.393173,5.920567,3,32.84,101080,496.00
21,52.393173,5.920567,3,32.84,101080,515.00
21,52.393173,5.920567,2,32.84,101080,508.00
21,52.393173,5.920567,3,32.84,101080,498.00
22,52.393169,5.920567,3,32.84,101080,2532.00
22,52.393169,5.920567,2,32.86,101080,481.00
22,52.393169,5.920567,3,32.88,101080,494.00
22,52.393169,5.920567,3,32.87,101080,498.00
22,52.393169,5.920567,2,32.87,101080,502.00
22,52.393169,5.920567,3,32.84,101080,528.00
22,52.393169,5.920567,2,32.86,101080,507.00
21,52.393169,5.920567,2,32.88,101080,500.00
21,52.393169,5.920567,2,32.87,101080,488.00
21,52.393169,5.920567,2,32.86,101080,478.00
21,52.393169,5.920567,2,32.88,101080,495.00
21,52.393169,5.920567,3,32.86,101080,486.00
0,52.393169,5.920567,2,32.88,101080,595.00
21,52.393169,5.920567,3,32.86,101080,503.00
21,52.393169,5.920567,2,32.87,101080,507.00
21,52.393169,5.920567,3,32.87,101080,455.00
0,52.393169,5.920567,2,32.88,101080,515.00
21,52.393169,5.920567,3,32.87,101080,504.00
0,52.393169,5.920567,3,32.87,101080,536.00
21,52.393169,5.920567,2,32.88,101080,489.00
21,52.393169,5.920567,2,32.88,101080,484.00
21,52.393169,5.920567,2,32.87,101080,495.00
21,52.393169,5.920567,2,32.87,101080,486.00
21,52.393169,5.920567,3,32.86,101080,1028.00
21,52.393169,5.920567,2,32.88,101080,944.00
21,52.393169,5.920567,2,32.89,101080,502.00
21,52.393169,5.920567,3,32.88,101080,1484.00
21,52.393169,5.920567,2,32.87,101080,532.00
21,52.393169,5.920567,2,32.88,101080,493.00
0,52.393169,5.920567,3,32.88,101080,505.00
21,52.393169,5.920567,2,32.89,101080,467.00
21,52.393169,5.920567,2,32.88,101080,478.00
21,52.393169,5.920567,3,32.87,101070,513.00
21,52.393169,5.920567,2,32.88,101080,477.00
21,52.393169,5.920567,2,32.88,101080,496.00
21,52.393169,5.920567,2,32.89,101080,1006.00
21,52.393169,5.920567,2,32.88,101080,1002.00
21,52.393169,5.920567,2,32.88,101080,499.00
21,52.393169,5.920567,3,32.89,101080,602.00
21,52.393169,5.920567,3,32.89,101070,471.00
21,52.393169,5.920567,2,32.89,101080,477.00
21,52.393169,5.920567,3,32.88,101080,995.00
21,52.393169,5.920567,3,32.89,101080,959.00
21,52.393169,5.920567,2,32.91,101080,490.00
21,52.393169,5.920567,3,32.90,101080,498.00
21,52.393169,5.920567,3,32.90,101080,505.00
21,52.393169,5.920567,3,32.90,101080,998.00
21,52.393169,5.920567,3,32.89,101080,498.00
21,52.393169,5.920567,3,32.90,101080,1503.00
22,52.393169,5.920567,3,32.88,101070,475.00
22,52.393169,5.920567,3,32.90,101080,530.00
22,52.393169,5.920567,3,32.90,101080,483.00
22,52.393169,5.920567,3,32.90,101080,502.00
22,52.393169,5.920567,3,32.91,101080,500.00
22,52.393169,5.920567,3,32.90,101080,486.00
22,52.393169,5.920567,3,32.89,101080,493.00
22,52.393169,5.920567,3,32.90,101080,501.00
22,52.393169,5.920567,2,32.91,101080,993.00
22,52.393169,5.920567,2,32.91,101080,498.00
22,52.393169,5.920567,2,32.91,101080,1020.00
21,52.393169,5.920567,3,32.90,101080,1001.00
21,52.393169,5.920567,2,32.91,101080,494.00
21,52.393169,5.920567,2,32.91,101080,627.00
21,52.393169,5.920567,3,32.91,101080,466.00
21,52.393169,5.920567,2,32.93,101080,470.00
21,52.393169,5.920567,3,32.91,101080,498.00
21,52.393169,5.920567,2,32.91,101080,467.00
21,52.393169,5.920567,3,32.90,101070,504.00
21,52.393169,5.920567,2,32.91,101080,491.00
21,52.393169,5.920567,3,32.91,101080,490.00
21,52.393169,5.920567,3,32.91,101080,501.00
21,52.393169,5.920567,2,32.91,101080,499.00
21,52.393169,5.920567,2,32.91,101080,488.00
21,52.393169,5.920567,3,32.91,101080,1986.00
21,52.393169,5.920567,3,32.91,101080,512.00
21,52.393169,5.920567,3,32.91,101080,496.00
21,52.393169,5.920567,3,32.93,101080,501.00
21,52.393169,5.920567,3,32.91,101070,492.00
0,0.000000,0.000000,3,32.91,101080,481.00
0,52.393169,5.920567,3,32.91,101080,542.00
21,52.393169,5.920567,2,32.93,101080,989.00
21,52.393169,5.920567,3,32.91,101080,500.00
21,52.393169,5.920567,3,32.93,101080,490.00
21,52.393169,5.920567,3,32.93,101070,491.00
21,52.393169,5.920567,3,32.93,101080,994.00
21,52.393169,5.920567,2,32.93,101080,504.00
22,52.393169,5.920567,3,32.93,101080,1012.00
22,52.393169,5.920567,3,32.93,101080,491.00
22,52.393169,5.920567,3,32.93,101070,990.00
22,52.393169,5.920567,3,32.93,101080,505.00
21,52.393169,5.920567,3,32.93,101080,490.00
21,52.393169,5.920567,3,32.93,101080,975.00
21,52.393169,5.920567,3,32.93,101080,492.00
0,52.393169,5.920567,3,32.93,101080,525.00
0,52.393169,5.920567,3,32.93,101080,524.00
21,52.393169,5.920567,3,32.93,101080,503.00
21,52.393169,5.920567,3,32.93,101080,504.00
20,52.393169,5.920567,3,32.93,101080,483.00
19,52.393169,5.920567,3,32.93,101080,498.00
19,52.393169,5.920567,3,32.95,101080,505.00
0,52.393169,5.920567,2,32.93,101080,514.00
21,52.393169,5.920567,2,32.93,101080,517.00
21,52.393169,5.920568,3,32.95,101080,500.00
21,52.393173,5.920569,3,32.93,101070,1019.00
21,52.393173,5.920569,3,32.93,101070,499.00
21,52.393173,5.920570,3,32.95,101080,480.00
22,52.393173,5.920571,3,32.93,101070,1007.00
22,52.393173,5.920571,3,32.93,101080,1002.00
0,52.393173,5.920571,3,32.95,101080,440.00
21,52.393173,5.920571,3,32.95,101080,1972.00
21,52.393173,5.920571,3,32.95,101080,496.00
21,52.393173,5.920571,3,32.96,101070,503.00
21,52.393173,5.920571,3,32.95,101080,502.00
20,52.393173,5.920570,2,32.96,101080,1006.00
20,52.393173,5.920570,3,32.96,101080,481.00
20,52.393173,5.920570,3,32.95,101070,1516.00
20,52.393173,5.920570,3,32.96,101070,472.00
21,52.393173,5.920570,2,32.97,101080,532.00
21,52.393173,5.920570,3,32.96,101080,488.00
21,52.393173,5.920570,3,32.97,101080,494.00
21,52.393173,5.920570,3,32.95,101080,982.00
22,52.393173,5.920570,3,32.96,101080,519.00
21,52.393173,5.920570,3,32.96,101080,1998.00
21,52.393173,5.920570,3,32.96,101080,493.00
21,52.393173,5.920569,3,32.97,101080,1007.00
21,52.393173,5.920569,3,32.97,101080,491.00
22,52.393173,5.920570,3,32.95,101070,526.00
22,52.393173,5.920570,3,32.97,101080,487.00
22,52.393173,5.920570,3,32.98,101080,494.00
22,52.393173,5.920569,3,32.95,101070,1990.00
22,52.393173,5.920569,3,32.95,101070,508.00
22,52.393173,5.920569,3,32.96,101070,506.00
22,52.393173,5.920569,3,32.97,101080,982.00
22,52.393177,5.920569,3,32.97,101080,2490.00
22,52.393177,5.920569,3,32.97,101080,510.00
22,52.393177,5.920569,3,32.97,101080,490.00
22,52.393177,5.920569,3,32.97,101070,496.00
22,52.393177,5.920569,3,32.98,101080,504.00
22,52.393177,5.920568,3,32.98,101080,496.00
22,52.393177,5.920568,3,32.99,101080,504.00
22,52.393177,5.920568,3,32.98,101080,504.00
22,52.393177,5.920568,3,32.97,101070,499.00
21,52.393177,5.920568,3,32.97,101070,490.00
21,52.393177,5.920568,3,32.98,101080,1510.00
21,52.393177,5.920568,3,32.99,101080,509.00
21,52.393177,5.920568,3,32.98,101080,499.00
21,52.393177,5.920568,3,32.98,101080,483.00
22,52.393177,5.920568,3,32.97,101070,1026.00
22,52.393177,5.920568,3,32.97,101070,496.00
22,52.393177,5.920567,3,32.99,101080,506.00
22,52.393177,5.920567,3,32.98,101080,484.00
22,52.393177,5.920567,3,32.99,101080,499.00
22,52.393177,5.920567,3,32.98,101080,494.00
21,52.393177,5.920568,3,32.98,101080,1006.00
21,52.393177,5.920568,3,32.98,101080,989.00
21,52.393177,5.920568,3,32.99,101080,496.00
21,52.393177,5.920568,3,32.98,101080,1559.00
21,52.393177,5.920568,3,33.00,101080,514.00
21,52.393177,5.920568,3,32.99,101080,496.00
21,52.393177,5.920568,3,32.99,101080,971.00
21,52.393177,5.920568,3,33.00,101080,987.00
21,52.393177,5.920568,3,33.00,101080,477.00
21,52.393177,5.920568,3,32.98,101070,499.00
21,52.393177,5.920568,2,33.00,101080,499.00
21,52.393177,5.920568,3,33.00,101080,998.00
21,52.393177,5.920569,3,32.99,101080,990.00
0,0.000000,0.000000,3,33.00,101080,488.00
21,52.393177,5.920569,3,32.99,101080,509.00
21,52.393177,5.920569,3,33.00,101080,493.00
21,52.393177,5.920569,3,32.99,101080,508.00
0,52.393177,5.920569,3,33.00,101080,523.00
21,52.393177,5.920569,3,33.00,101080,995.00
21,52.393177,5.920569,3,32.99,101070,502.00
22,52.393177,5.920569,3,33.00,101080,1033.00
22,52.393180,5.920569,3,32.99,101080,482.00
22,52.393180,5.920570,3,33.00,101080,490.00
22,52.393180,5.920570,3,33.00,101080,483.00
22,52.393180,5.920570,3,33.00,101080,1002.00
22,52.393180,5.920570,3,32.99,101070,481.00
22,52.393180,5.920570,3,33.00,101080,503.00
22,52.393180,5.920570,3,33.00,101080,483.00
20,52.393180,5.920570,3,33.00,101070,987.00
0,52.393180,5.920570,3,33.00,101080,510.00
19,52.393180,5.920571,3,33.00,101070,988.00
19,52.393180,5.920571,3,33.00,101070,508.00
0,0.000000,0.000000,3,33.00,101070,483.00
18,52.393180,5.920571,3,32.99,101070,508.00
18,52.393180,5.920571,3,32.98,101070,502.00
19,52.393180,5.920571,3,32.98,101070,510.00
21,52.393180,5.920570,3,33.02,101070,1536.00
19,52.393180,5.920567,3,33.03,101080,473.00
19,52.393177,5.920567,3,33.00,101070,520.00
20,52.393177,5.920565,3,33.03,101070,969.00
21,52.393177,5.920565,3,33.02,101070,517.00
21,52.393177,5.920565,3,33.02,101070,488.00
21,52.393177,5.920565,3,33.02,101070,512.00
21,52.393177,5.920565,3,33.02,101070,1004.00
21,52.393177,5.920565,3,33.03,101070,499.00
21,52.393177,5.920565,4,33.02,101070,496.00
21,52.393180,5.920565,3,33.03,101070,494.00
21,52.393180,5.920565,3,33.02,101070,998.00
22,52.393180,5.920565,3,33.03,101070,535.00
21,52.393180,5.920565,3,33.04,101070,494.00
21,52.393180,5.920564,3,33.04,101070,499.00
20,52.393180,5.920564,3,33.03,101070,975.00
20,52.393180,5.920564,3,33.03,101070,493.00
18,52.393180,5.920564,3,33.04,101070,466.00
18,52.393180,5.920564,3,33.04,101070,510.00
18,52.393180,5.920564,3,33.04,101070,485.00
18,52.393180,5.920564,3,33.05,101070,501.00
18,52.393180,5.920564,3,33.03,101070,496.00
17,52.393180,5.920564,3,33.05,101070,480.00
17,52.393180,5.920564,3,33.04,101070,504.00
17,52.393180,5.920564,3,33.04,101070,490.00
17,52.393180,5.920564,4,33.04,101070,497.00
16,52.393180,5.920564,3,33.05,101070,1007.00
0,0.000000,0.000000,3,33.04,101070,484.00
16,52.393180,5.920564,3,33.04,101070,509.00
17,52.393180,5.920564,3,33.06,101070,1017.00
17,52.393180,5.920564,4,33.05,101070,998.00
17,52.393180,5.920564,3,33.05,101070,987.00
17,52.393180,5.920564,4,33.05,101070,499.00
17,52.393180,5.920564,4,33.06,101070,496.00
18,52.393180,5.920564,3,33.06,101070,493.00
18,52.393180,5.920564,3,33.06,101070,524.00
19,52.393180,5.920564,3,33.06,101070,990.00
19,52.393180,5.920564,3,33.07,101070,495.00
19,52.393180,5.920564,3,33.06,101070,508.00
19,52.393180,5.920564,3,33.07,101070,1006.00
19,52.393180,5.920564,3,33.06,101070,486.00
19,52.393180,5.920564,4,33.06,101070,501.00
19,52.393180,5.920564,3,33.07,101070,498.00
0,0.000000,0.000000,4,33.07,101070,503.00
20,52.393180,5.920564,3,33.07,101070,1021.00
19,52.393180,5.920564,3,33.07,101070,496.00
19,52.393180,5.920564,3,33.08,101070,484.00
19,52.393180,5.920564,4,33.06,101070,497.00
18,52.393180,5.920565,3,33.08,101070,507.00
18,52.393180,5.920565,3,33.08,101070,989.00
17,52.393184,5.920565,4,33.07,101070,490.00
16,52.393184,5.920565,3,33.08,101070,501.00
16,52.393180,5.920565,4,33.07,101070,500.00
16,52.393180,5.920565,3,33.08,101070,497.00
16,52.393180,5.920565,3,33.08,101070,497.00
18,52.393180,5.920565,3,33.08,101070,1021.00
18,52.393180,5.920565,3,33.08,101070,491.00
18,52.393180,5.920565,3,33.09,101070,523.00
17,52.393180,5.920565,3,33.09,101070,490.00
17,52.393180,5.920564,4,33.08,101070,1001.00
18,52.393180,5.920564,4,33.08,101070,492.00
17,52.393180,5.920563,4,33.08,101070,482.00
17,52.393180,5.920563,3,33.09,101070,503.00
17,52.393180,5.920563,4,33.08,101070,505.00
19,52.393180,5.920563,3,33.09,101070,527.00
19,52.393180,5.920563,3,33.08,101070,492.00
19,52.393184,5.920560,4,33.09,101070,1111.00
19,52.393184,5.920557,3,33.09,101070,472.00
19,52.393188,5.920555,4,33.09,101070,480.00
19,52.393188,5.920550,4,33.08,101070,474.00
18,52.393192,5.920545,4,33.09,101070,495.00
18,52.393196,5.920541,4,33.08,101070,482.00
18,52.393196,5.920538,3,33.09,101070,498.00
18,52.393199,5.920535,4,33.09,101070,993.00
18,52.393199,5.920535,3,33.09,101070,464.00
18,52.393199,5.920535,3,33.09,101070,527.00
18,52.393199,5.920535,3,33.09,101070,447.00
19,52.393199,5.920535,3,33.11,101070,559.00
19,52.393199,5.920534,4,33.09,101070,488.00
19,52.393199,5.920533,4,33.09,101070,486.00
0,52.393199,5.920533,3,33.11,101070,516.00
18,52.393199,5.920533,4,33.09,101070,470.00
17,52.393199,5.920533,3,33.11,101070,495.00
17,52.393199,5.920533,4,33.09,101070,490.00
0,52.393199,5.920533,3,33.09,101070,517.00
17,52.393199,5.920533,3,33.11,101070,512.00
17,52.393199,5.920534,3,33.11,101070,990.00
17,52.393199,5.920534,4,33.11,101070,511.00
17,52.393199,5.920534,3,33.12,101070,478.00
18,52.393199,5.920534,3,33.12,101070,524.00
18,52.393199,5.920535,4,33.09,101070,1001.00
18,52.393199,5.920535,3,33.11,101070,469.00
18,52.393199,5.920535,4,33.12,101070,497.00
18,52.393199,5.920535,3,33.11,101070,498.00
18,52.393199,5.920535,3,33.11,101070,513.00
18,52.393199,5.920535,3,33.12,101070,497.00
18,52.393203,5.920527,3,33.12,101070,1532.00
18,52.393203,5.920513,3,33.12,101070,988.00
18,52.393207,5.920506,3,33.13,101070,512.00
18,52.393211,5.920492,3,33.13,101070,998.00
19,52.393218,5.920473,3,33.14,101070,1502.00
19,52.393222,5.920468,3,33.14,101070,509.00
18,52.393234,5.920445,3,33.14,101070,1988.00
18,52.393234,5.920437,3,33.14,101070,478.00
0,52.393241,5.920430,3,33.14,101070,522.00
18,52.393249,5.920416,3,33.13,101080,995.00
17,52.393253,5.920408,3,33.14,101070,488.00
17,52.393253,5.920401,3,33.14,101070,506.00
17,52.393257,5.920387,3,33.14,101070,985.00
16,52.393276,5.920364,3,33.15,101070,2502.00
16,52.393280,5.920361,3,33.16,101080,500.00
16,52.393295,5.920360,3,33.16,101080,3010.00
0,52.393295,5.920362,3,33.15,101080,500.00
17,52.393295,5.920366,3,33.16,101080,528.00
17,52.393329,5.920407,3,33.18,101080,7447.00
0,52.393329,5.920407,3,33.18,101080,463.00
15,52.393341,5.920465,2,33.24,101080,22502.00
16,52.393337,5.920467,3,33.24,101080,1973.00
0,52.393341,5.920472,2,33.25,101080,534.00
16,52.393344,5.920478,2,33.24,101080,489.00
17,52.393348,5.920484,2,33.25,101080,502.00
17,52.393424,5.920576,3,33.25,101080,6992.00
17,52.393432,5.920593,2,33.25,101090,984.00
17,52.393440,5.920602,2,33.27,101090,528.00
18,52.393455,5.920629,2,33.27,101090,1502.00
18,52.393459,5.920637,2,33.28,101090,509.00
20,52.393535,5.920710,1,33.30,101090,6485.00
20,52.394779,5.923591,-2,33.40,101150,196338.00
20,52.394783,5.923586,-3,33.37,101150,2516.00
20,52.394783,5.923583,-3,33.36,101150,997.00
19,52.394790,5.923568,-3,33.34,101150,6004.00
19,52.394798,5.923556,-3,33.32,101150,4980.00
19,52.394802,5.923555,-3,33.31,101150,992.00
19,52.394802,5.923552,-3,33.29,101150,2041.00
19,52.394821,5.923515,-3,33.21,101150,13441.00
18,52.394821,5.923512,-3,33.22,101150,1004.00
18,52.394824,5.923511,-3,33.22,101150,1526.00
19,52.394828,5.923505,-3,33.21,101160,1547.00
19,52.394828,5.923502,-3,33.20,101160,936.00
19,52.394836,5.923491,-2,33.16,101150,4483.00
19,52.394836,5.923489,-3,33.16,101150,1028.00
19,52.394840,5.923484,-3,33.18,101150,1491.00
20,52.394863,5.923444,-3,33.09,101150,15461.00
20,52.394863,5.923443,-3,33.09,101150,501.00
19,52.394863,5.923431,-3,33.08,101150,5988.00
8,52.394546,5.924750,-2,34.13,101150,584444.00
6,52.394538,5.924747,-3,34.15,101150,932.00
7,52.394535,5.924741,-3,34.16,101150,1004.00
11,52.395008,5.923610,-1,33.99,101140,179377.00
10,52.395008,5.923593,-1,34.00,101140,8000.00
9,52.394901,5.923722,-2,34.00,101140,8991.00
9,52.394901,5.923713,-2,34.00,101140,5989.00
10,52.394886,5.923725,-1,34.00,101140,12036.00
10,52.394901,5.923755,-1,34.00,101140,3494.00
10,52.394905,5.923762,-1,34.00,101140,1018.00
0,0.000000,0.000000,-1,34.02,101130,468.00
0,0.000000,0.000000,-1,34.02,101130,504.00
10,52.394905,5.923769,-1,34.02,101130,465.00
10,52.394905,5.923770,-1,34.00,101130,499.00
0,0.000000,0.000000,-1,34.03,101140,503.00
10,52.394905,5.923772,-2,34.03,101140,513.00
10,52.394905,5.923773,-1,34.00,101130,499.00
10,52.394901,5.923777,-1,34.00,101130,1507.00
10,52.394901,5.923779,-1,34.02,101130,985.00
10,52.394901,5.923780,-1,34.03,101140,1006.00
10,52.394905,5.923797,-1,34.02,101130,3000.00
13,52.395259,5.923635,-1,34.84,101140,349239.00
12,52.395256,5.923633,-1,34.84,101140,8492.00
0,0.000000,0.000000,-2,34.84,101140,1477.00
0,0.000000,0.000000,-1,34.84,101140,6491.00
13,52.395259,5.923631,-1,34.83,101140,11524.00
13,52.395244,5.923618,-2,34.82,101140,4514.00
0,0.000000,0.000000,-2,34.80,101140,26949.00
15,52.395267,5.923619,-1,34.80,101140,34496.00
0,52.395271,5.923621,-1,34.79,101140,8496.00
14,52.395275,5.923623,-1,34.78,101130,14483.00
13,52.395294,5.923605,-1,34.80,101140,10481.00
13,52.395290,5.923625,-1,34.79,101130,6520.00
14,52.395290,5.923642,-1,34.79,101140,2507.00
13,52.395267,5.923720,-1,34.79,101140,6999.00
0,0.000000,0.000000,-1,34.80,101140,7930.00
13,52.395256,5.923719,-1,34.78,101140,8515.00
13,52.395256,5.923717,-1,34.79,101130,1499.00
0,0.000000,0.000000,-1,34.79,101130,976.00
13,52.395252,5.923706,-1,34.79,101130,23075.00
0,52.395252,5.923697,-1,34.80,101140,17420.00
12,52.395252,5.923685,-2,34.80,101140,18477.00
12,52.395252,5.923676,-1,34.80,101130,15504.00
0,0.000000,0.000000,-1,34.80,101140,6470.00
12,52.395252,5.923673,-2,34.81,101140,4006.00
11,52.395252,5.923673,-2,34.81,101140,6475.00
0,0.000000,0.000000,-1,34.81,101130,972.00
0,52.395256,5.923677,-1,34.82,101140,7551.00
11,52.395256,5.923678,-2,34.82,101140,1056.00
11,52.395256,5.923678,-1,34.82,101130,924.00
12,52.395256,5.923680,-1,34.81,101140,5500.00
12,52.395256,5.923680,-1,34.81,101140,1001.00
12,52.395256,5.923680,-1,34.81,101130,997.00
12,52.395259,5.923685,-1,34.82,101130,15505.00
12,52.395259,5.923683,-2,34.84,101140,9977.00
12,52.395256,5.923685,-1,34.84,101140,5989.00
0,52.395256,5.923685,-1,34.83,101130,995.00
0,52.395256,5.923685,-1,34.84,101130,1002.00
0,0.000000,0.000000,-1,34.84,101130,994.00
12,52.395256,5.923686,-1,34.83,101130,1017.00
0,52.395256,5.923686,-1,34.83,101130,2170.00
12,52.395256,5.923687,-1,34.84,101130,4821.00
12,52.395256,5.923686,-1,34.83,101130,1500.00
0,0.000000,0.000000,-1,34.84,101130,2474.00
12,52.395256,5.923687,-1,34.84,101140,2516.00
12,52.395256,5.923686,-1,34.84,101130,999.00
12,52.395256,5.923686,-1,34.84,101130,1009.00
0,0.000000,0.000000,-1,34.84,101130,6467.00
12,52.395256,5.923685,-1,34.84,101130,1012.00
0,0.000000,0.000000,-1,34.84,101130,10472.00
12,52.395252,5.923683,-1,34.84,101130,16509.00
12,52.395252,5.923683,-1,34.84,101130,5491.00
12,52.395252,5.923684,-1,34.84,101130,1016.00
12,52.395252,5.923686,-1,34.84,101130,9010.00
12,52.395252,5.923686,-1,34.86,101130,1977.00
11,52.395252,5.923687,-1,34.86,101130,5475.00
0,52.395252,5.923687,-1,34.84,101130,1494.00
12,52.395248,5.923688,-1,34.84,101130,1529.00
0,0.000000,0.000000,-1,34.84,101130,4447.00
12,52.395248,5.923689,-1,34.86,101130,1023.00
12,52.395248,5.923689,-1,34.86,101130,1018.00
0,0.000000,0.000000,-1,34.84,101130,965.00
12,52.395248,5.923689,-1,34.84,101130,6513.00
12,52.395252,5.923687,-1,34.84,101130,5664.00
12,52.395252,5.923687,-1,34.84,101130,3832.00
12,52.395259,5.923684,-1,34.87,101130,23468.00
12,52.395259,5.923684,-1,34.87,101130,996.00
12,52.395259,5.923683,-1,34.86,101130,1496.00
12,52.395259,5.923682,-1,34.87,101130,9015.00
12,52.395259,5.923682,-1,34.86,101130,15469.00
12,52.395259,5.923681,-1,34.86,101130,1497.00
12,52.395259,5.923680,-1,34.86,101130,8003.00
12,52.395259,5.923679,-1,34.86,101130,8984.00
12,52.395259,5.923678,-1,34.84,101130,6496.00
12,52.395259,5.923678,-1,34.86,101130,997.00
12,52.395259,5.923678,-1,34.86,101130,2003.00
12,52.395259,5.923678,-1,34.86,101130,5496.00
12,52.395259,5.923678,-1,34.86,101130,995.00
0,0.000000,0.000000,-1,34.86,101130,7494.00
0,52.395263,5.923678,-1,34.84,101130,1498.00
12,52.395263,5.923678,-1,34.84,101130,1501.00
0,0.000000,0.000000,-1,34.84,101130,5973.00
12,52.395267,5.923677,-1,34.84,101130,1522.00
12,52.395271,5.923677,-1,34.86,101130,8501.00
0,0.000000,0.000000,-1,34.87,101130,22446.00
12,52.395271,5.923675,-1,34.86,101130,11018.00
0,52.395271,5.923674,-1,34.87,101130,7017.00
11,52.395271,5.923675,-1,34.86,101130,1971.00
0,52.395271,5.923675,-1,34.86,101130,7232.00
11,52.395275,5.923675,-1,34.84,101130,7773.00
11,52.395278,5.923670,-1,34.84,101130,27965.00
11,52.395278,5.923670,-1,34.86,101130,993.00
11,52.395278,5.923664,-1,34.84,101130,15987.00
0,0.000000,0.000000,-1,34.84,101130,4478.00
0,52.395278,5.923663,-1,34.84,101130,523.00
11,52.395278,5.923663,-1,34.84,101130,499.00
11,52.395278,5.923663,-1,34.86,101130,1499.00
11,52.395278,5.923662,-1,34.84,101130,995.00
11,52.395278,5.923661,-1,34.84,101130,2525.00
12,52.395278,5.923661,0,34.84,101120,486.00
12,52.395278,5.923661,-1,34.84,101130,2501.00
12,52.395278,5.923661,-1,34.84,101130,497.00
0,0.000000,0.000000,-1,34.84,101130,475.00
12,52.395278,5.923661,-1,34.84,101130,1525.00
12,52.395282,5.923661,-1,34.84,101130,1986.00
12,52.395282,5.923661,-1,34.86,101130,2502.00
14,52.395286,5.923657,-1,34.86,101130,45978.00
14,52.395290,5.923655,-1,34.87,101130,8991.00
0,0.000000,0.000000,-1,34.88,101130,23967.00
14,52.395286,5.923646,-1,34.87,101130,1023.00
14,52.395286,5.923646,-1,34.86,101130,1504.00
14,52.395286,5.923645,-1,34.87,101130,1001.00
0,0.000000,0.000000,-1,34.87,101130,5973.00
14,52.395286,5.923643,-1,34.87,101130,1012.00
14,52.395286,5.923642,-1,34.87,101130,998.00
14,52.395286,5.923639,-1,34.87,101130,6651.00
14,52.395286,5.923638,-1,34.87,101130,849.00
14,52.395286,5.923635,-1,34.88,101130,9497.00
0,0.000000,0.000000,-1,34.87,101130,5450.00
14,52.395286,5.923635,-1,34.87,101130,1522.00
14,52.395286,5.923635,-1,34.88,101130,1002.00
14,52.395286,5.923635,-1,34.88,101130,2002.00
14,52.395286,5.923635,-1,34.88,101140,4011.00
14,52.395286,5.923635,-1,34.87,101130,499.00
0,0.000000,0.000000,-1,34.88,101130,2964.00
13,52.395286,5.923635,0,34.88,101130,6509.00
13,52.395290,5.923635,-1,34.88,101130,12982.00
13,52.395290,5.923635,-1,34.88,101130,1507.00
0,0.000000,0.000000,-1,34.89,101130,470.00
13,52.395290,5.923635,-1,34.88,101130,2016.00
13,52.395290,5.923634,-1,34.88,101130,3037.00
13,52.395290,5.923634,-1,34.90,101130,986.00
13,52.395290,5.923634,-1,34.89,101130,2978.00
13,52.395290,5.923633,-1,34.89,101130,3987.00
13,52.395290,5.923632,-1,34.89,101130,501.00
13,52.395290,5.923632,-1,34.88,101130,2001.00
13,52.395290,5.923630,-1,34.89,101130,4495.00
13,52.395290,5.923630,-1,34.89,101130,996.00
12,52.395290,5.923630,-1,34.89,101130,1993.00
0,52.395290,5.923630,-1,34.89,101130,1515.00
0,0.000000,0.000000,-1,34.90,101130,479.00
0,0.000000,0.000000,-1,34.89,101130,492.00
12,52.395290,5.923628,-1,34.89,101130,3013.00
12,52.395290,5.923628,-1,34.89,101130,994.00
12,52.395290,5.923627,-1,34.88,101130,4491.00
0,52.395290,5.923627,-1,34.90,101130,1007.00
12,52.395290,5.923627,-1,34.89,101130,1495.00
12,52.395290,5.923627,-1,34.89,101130,997.00
0,52.395290,5.923625,-1,34.90,101130,5454.00
11,52.395290,5.923625,-1,34.89,101130,2999.00
11,52.395290,5.923625,-1,34.89,101130,1998.00
11,52.395290,5.923625,-1,34.89,101130,997.00
11,52.395290,5.923625,-1,34.90,101130,998.00
11,52.395290,5.923625,-1,34.90,101130,512.00
11,52.395290,5.923625,-1,34.90,101130,489.00
11,52.395290,5.923625,-1,34.90,101130,499.00
11,52.395294,5.923624,-1,34.90,101130,10496.00
11,52.395294,5.923623,-1,34.91,101130,2504.00
11,52.395294,5.923623,-1,34.90,101130,4487.00
11,52.395294,5.923623,-1,34.90,101130,1997.00
11,52.395294,5.923623,-1,34.90,101130,5501.00
10,52.395294,5.923621,-1,34.90,101130,7989.00
0,0.000000,0.000000,-1,34.91,101130,970.00
10,52.395294,5.923621,-1,34.91,101130,1019.00
10,52.395294,5.923620,-1,34.91,101130,5999.00
9,52.395294,5.923620,-1,34.91,101130,12987.00
10,52.395294,5.923620,-1,34.91,101130,4487.00
10,52.395294,5.923620,-1,34.91,101130,507.00
10,52.395294,5.923620,-1,34.91,101130,993.00
9,52.395294,5.923620,-1,34.93,101130,4027.00
9,52.395294,5.923620,-1,34.91,101130,1474.00
9,52.395294,5.923620,-1,34.91,101130,3989.00
0,0.000000,0.000000,-1,34.93,101130,474.00
0,52.395294,5.923620,0,34.91,101120,1519.00
0,0.000000,0.000000,-1,34.93,101130,478.00
9,52.395294,5.923619,0,34.93,101120,2518.00
10,52.395298,5.923619,-1,34.91,101130,4006.00
0,0.000000,0.000000,0,34.91,101130,455.00
10,52.395298,5.923619,-1,34.93,101130,5074.00
10,52.395298,5.923619,-1,34.91,101130,1964.00
0,52.395298,5.923619,-1,34.91,101130,512.00
10,52.395298,5.923619,-1,34.93,101130,1983.00
10,52.395298,5.923618,-1,34.91,101130,1495.00
10,52.395298,5.923618,-1,34.91,101130,2494.00
0,52.395298,5.923618,-1,34.91,101130,1003.00
11,52.395298,5.923616,-1,34.91,101130,21989.00
11,52.395298,5.923616,-1,34.91,101130,1001.00
11,52.395298,5.923615,-1,34.93,101130,499.00
0,52.395305,5.923601,-1,34.91,101130,8982.00
11,52.395305,5.923600,-1,34.93,101130,1018.00
0,0.000000,0.000000,-1,34.91,101130,2968.00
0,0.000000,0.000000,-1,34.93,101130,1496.00
11,52.395305,5.923599,-1,34.91,101130,4026.00
11,52.395305,5.923598,-1,34.93,101130,495.00
11,52.395305,5.923598,-1,34.93,101130,1492.00
0, 0.000000, 0.000000, -1, 34.93, 101130, 477.00
11, 52.395305, 5.923598, -1, 34.91, 101130, 1520.00
11, 52.395305, 5.923598, -1, 34.93, 101130, 998.00
10, 52.395305, 5.923597, -1, 34.93, 101130, 497.00
10, 52.395309, 5.923597, 91, 34.90, 100060, 1500.00
10, 52.395309, 5.923597, 254, 34.84, 98200, 997.00
0, 52.395309, 5.923626, 790, 34.77, 92280, 4412.00
0, 0.000000, 0.000000, 947, 34.78, 90620, 1975.00
0, 0.000000, 0.000000, 1098, 34.83, 89020, 2999.00
0, 0.000000, 0.000000, 1115, 34.83, 88850, 498.00
0, 0.000000, 0.000000, 1143, 34.55, 88560, 4573.00
0, 0.000000, 0.000000, 1124, 34.39, 88750, 1493.00
0, 52.397968, 5.927699, 1091, 34.18, 89100, 2533.00
0, 0.000000, 0.000000, 1083, 34.07, 89180, 459.00
13, 52.397972, 5.927830, 1076, 34.05, 89250, 527.00
0, 52.397975, 5.927874, 1063, 33.93, 89390, 998.00
13, 52.397972, 5.928034, 1041, 33.93, 89620, 1547.00
0, 0.000000, 0.000000, 1034, 33.93, 89690, 472.00
0, 52.397968, 5.928113, 1014, 33.75, 89900, 1518.00
13, 52.397964, 5.928228, 1007, 33.70, 89980, 499.00
13, 52.397968, 5.928263, 1001, 33.77, 90040, 496.00
13, 52.397968, 5.928295, 993, 33.73, 90120, 507.00
0, 52.397968, 5.928326, 986, 33.62, 90200, 500.00
13, 52.397964, 5.928390, 973, 33.63, 90340, 1008.00
13, 52.397960, 5.928473, 952, 33.50, 90560, 1514.00
13, 52.397960, 5.928610, 919, 33.29, 90910, 2494.00
13, 52.397960, 5.928637, 912, 33.18, 90990, 494.00
13, 52.397960, 5.928663, 905, 33.14, 91060, 507.00
13, 52.397972, 5.928712, 892, 33.00, 91200, 982.00
13, 52.397975, 5.928737, 884, 33.02, 91280, 501.00
0, 52.397979, 5.928762, 877, 33.02, 91360, 510.00
0, 52.397987, 5.928790, 871, 32.93, 91420, 490.00
13, 52.397998, 5.928847, 857, 32.83, 91570, 1003.00
13, 52.398002, 5.928874, 851, 32.89, 91630, 497.00
13, 52.398017, 5.928927, 837, 32.77, 91780, 1009.00
13, 52.398021, 5.928953, 831, 32.75, 91850, 484.00
13, 52.398033, 5.928980, 824, 32.66, 91920, 510.00
13, 52.398052, 5.929062, 804, 32.53, 92140, 1500.00
13, 52.398059, 5.929090, 797, 32.53, 92210, 501.00
13, 52.398063, 5.929117, 791, 32.39, 92280, 503.00
0, 52.398067, 5.929144, 784, 32.46, 92350, 495.00
13, 52.398075, 5.929168, 778, 32.34, 92420, 503.00
13, 52.398078, 5.929192, 771, 32.38, 92500, 524.00
13, 52.398086, 5.929240, 757, 32.29, 92640, 975.00
13, 52.398090, 5.929266, 751, 32.31, 92710, 484.00
13, 52.398105, 5.929370, 724, 32.08, 93000, 2029.00
13, 52.398117, 5.929420, 711, 32.00, 93140, 999.00
13, 52.398120, 5.929447, 704, 32.02, 93220, 494.00
13, 52.398132, 5.929500, 686, 31.92, 93410, 1480.00
0, 0.000000, 0.000000, 678, 31.99, 93500, 494.00
13, 52.398147, 5.929580, 673, 32.00, 93560, 508.00
13, 52.398159, 5.929631, 659, 31.89, 93700, 1005.00
0, 52.398162, 5.929655, 653, 31.95, 93770, 502.00
13, 52.398174, 5.929680, 647, 31.82, 93840, 504.00
13, 52.398181, 5.929704, 640, 31.82, 93920, 498.00
13, 52.398193, 5.929726, 634, 31.84, 93980, 507.00
13, 52.398204, 5.929766, 621, 31.73, 94120, 991.00
13, 52.398208, 5.929789, 614, 31.74, 94200, 491.00
13, 52.398216, 5.929812, 606, 31.66, 94280, 499.00
13, 52.398227, 5.929898, 581, 31.48, 94560, 1991.00
13, 52.398239, 5.929950, 568, 31.37, 94710, 1000.00
0, 52.398242, 5.929978, 561, 31.39, 94780, 495.00
13, 52.398258, 5.930034, 548, 31.42, 94920, 998.00
13, 52.398269, 5.930060, 542, 31.34, 94990, 495.00
13, 52.398277, 5.930086, 535, 31.40, 95060, 505.00
13, 52.398284, 5.930110, 529, 31.40, 95130, 504.00
0, 52.398296, 5.930133, 523, 31.26, 95200, 507.00
13, 52.398303, 5.930157, 517, 31.24, 95270, 503.00
13, 52.398319, 5.930204, 504, 31.31, 95410, 1012.00
13, 52.398326, 5.930227, 498, 31.26, 95470, 499.00
0, 52.398334, 5.930250, 491, 31.24, 95550, 508.00
13, 52.398338, 5.930272, 485, 31.26, 95620, 492.00
13, 52.398338, 5.930293, 480, 31.27, 95670, 489.00
13, 52.398353, 5.930340, 466, 31.12, 95820, 988.00
13, 52.398361, 5.930367, 462, 31.12, 95870, 511.00
13, 52.398376, 5.930448, 441, 31.02, 96110, 1502.00
13, 52.398380, 5.930475, 434, 30.92, 96180, 503.00
13, 52.398387, 5.930527, 422, 31.00, 96320, 1001.00
13, 52.398395, 5.930549, 417, 31.00, 96370, 495.00
13, 52.398395, 5.930565, 408, 30.93, 96470, 499.00
13, 52.398403, 5.930577, 402, 30.91, 96540, 501.00
13, 52.398406, 5.930588, 396, 30.94, 96610, 500.00
13, 52.398414, 5.930600, 389, 30.96, 96690, 498.00
13, 52.398422, 5.930612, 384, 30.93, 96740, 492.00
13, 52.398437, 5.930632, 368, 30.86, 96920, 1028.00
13, 52.398445, 5.930645, 361, 30.85, 96990, 515.00
13, 52.398452, 5.930659, 354, 30.69, 97070, 560.00
13, 52.398456, 5.930675, 348, 30.72, 97140, 480.00
13, 52.398468, 5.930728, 332, 30.77, 97320, 1433.00
13, 52.398475, 5.930749, 324, 30.68, 97410, 507.00
13, 52.398487, 5.930771, 318, 30.72, 97480, 488.00
13, 52.398494, 5.930792, 311, 30.71, 97560, 494.00
13, 52.398498, 5.930808, 303, 30.76, 97650, 500.00
13, 52.398506, 5.930822, 297, 30.71, 97710, 508.00
13, 52.398517, 5.930835, 292, 30.67, 97770, 493.00
13, 52.398521, 5.930851, 284, 30.63, 97860, 493.00
13, 52.398529, 5.930864, 278, 30.66, 97930, 502.00
13, 52.398536, 5.930878, 272, 30.61, 98000, 489.00
13, 52.398544, 5.930893, 265, 30.60, 98080, 494.00
13, 52.398548, 5.930907, 258, 30.61, 98160, 500.00
13, 52.398555, 5.930922, 251, 30.55, 98240, 503.00
13, 52.398555, 5.930936, 245, 30.58, 98300, 491.00
13, 52.398555, 5.930951, 238, 30.59, 98380, 504.00
13, 52.398559, 5.930963, 232, 30.54, 98450, 492.00
13, 52.398563, 5.930977, 225, 30.53, 98530, 494.00
13, 52.398567, 5.930991, 221, 30.53, 98570, 500.00
13, 52.398574, 5.931002, 212, 30.51, 98680, 501.00
13, 52.398578, 5.931014, 207, 30.55, 98740, 501.00
13, 52.398586, 5.931038, 193, 30.47, 98900, 1003.00
13, 52.398597, 5.931068, 182, 30.52, 99020, 1002.00
0, 0.000000, 0.000000, 175, 30.46, 99100, 497.00
13, 52.398605, 5.931091, 168, 30.48, 99180, 497.00
13, 52.398612, 5.931127, 155, 30.48, 99330, 1005.00
13, 52.398612, 5.931142, 147, 30.52, 99410, 495.00
13, 52.398612, 5.931156, 142, 30.52, 99480, 501.00
13, 52.398612, 5.931169, 135, 30.53, 99560, 501.00
13, 52.398616, 5.931183, 127, 30.55, 99640, 500.00
13, 52.398620, 5.931199, 121, 30.56, 99720, 502.00
13, 52.398628, 5.931214, 114, 30.56, 99790, 495.00
13, 52.398635, 5.931230, 108, 30.54, 99870, 495.00
13, 52.398635, 5.931246, 101, 30.58, 99950, 503.00
0, 52.398643, 5.931266, 95, 30.56, 100020, 495.00
13, 52.398647, 5.931287, 88, 30.56, 100090, 497.00
13, 52.398654, 5.931323, 74, 30.55, 100250, 990.00
13, 52.398658, 5.931341, 68, 30.56, 100320, 501.00
13, 52.398662, 5.931358, 60, 30.56, 100410, 505.00
13, 52.398666, 5.931392, 48, 30.54, 100550, 1013.00
13, 52.398670, 5.931411, 41, 30.52, 100630, 496.00
13, 52.398674, 5.931430, 35, 30.54, 100700, 497.00
13, 52.398674, 5.931449, 28, 30.54, 100780, 501.00
13, 52.398681, 5.931467, 22, 30.53, 100850, 491.00
0, 0.000000, 0.000000, 16, 30.52, 100930, 484.00