0 0.000000 0.000000 -0.76 14.66 101724 4452
0 0.000000 0.000000 -1.55 14.65 101734 5040
0 0.000000 0.000000 -0.48 14.46 101721 6663
0 0.000000 0.000000 -0.19 14.35 101717 7286
0 0.000000 0.000000 -0.69 14.17 101724 8890
0 0.000000 0.000000 -0.68 14.09 101723 9532
0 0.000000 0.000000 -0.88 13.97 101726 10155
0 0.000000 0.000000 -1.78 13.92 101737 11769
0 0.000000 0.000000 -1.55 13.94 101734 12381
0 0.000000 0.000000 -1.26 13.85 101730 13996
0 0.000000 0.000000 0.18 13.85 101713 14609
0 0.000000 0.000000 0.51 13.73 101709 16245
0 0.000000 0.000000 -0.24 13.83 101718 16856
0 0.000000 0.000000 0.35 13.69 101711 18471
0 0.000000 0.000000 0.24 13.64 101712 19093
0 0.000000 0.000000 0.96 13.61 101704 19716
0 0.000000 0.000000 -0.44 13.39 101721 20637
0 0.000000 0.000000 1.11 13.30 101702 21338
0 0.000000 0.000000 0.94 13.20 101704 21960
0 0.000000 0.000000 1.11 13.10 101702 23583
0 0.000000 0.000000 0.83 13.01 101705 24206
0 0.000000 0.000000 0.10 12.65 101714 25829
0 0.000000 0.000000 -0.04 12.53 101716 26465
0 0.000000 0.000000 0.24 12.45 101712 28066
0 0.000000 0.000000 0.16 12.46 101713 28690
0 0.000000 0.000000 -0.02 12.46 101715 29312
0 0.000000 0.000000 -0.05 12.40 101716 30266
0 0.000000 0.000000 0.06 12.38 101714 30925
0 0.000000 0.000000 -0.80 12.37 101725 31548
0 0.000000 0.000000 0.35 12.37 101711 33163
0 0.000000 0.000000 0.08 12.41 101714 33785
0 0.000000 0.000000 -0.59 12.39 101722 35409
0 0.000000 0.000000 0.44 12.41 101710 36023
0 0.000000 0.000000 0.73 12.41 101706 37647
0 0.000000 0.000000 0.41 12.41 101710 38269
0 0.000000 0.000000 0.77 12.38 101706 39881
0 0.000000 0.000000 0.60 12.36 101708 40514
0 0.000000 0.000000 1.08 12.33 101702 41137
0 0.000000 0.000000 0.47 12.28 101710 42760
0 0.000000 0.000000 -0.19 12.25 101717 43383
0 0.000000 0.000000 0.27 12.27 101712 44998
0 0.000000 0.000000 -0.10 12.30 101716 45621
0 0.000000 0.000000 0.09 12.29 101714 47235
0 0.000000 0.000000 0.12 12.25 101714 47858
0 0.000000 0.000000 -0.34 12.23 101719 49480
0 0.000000 0.000000 -0.25 12.25 101718 50107
0 0.000000 0.000000 -0.15 12.21 101717 50709
0 0.000000 0.000000 -0.31 12.19 101719 51637
0 0.000000 0.000000 -0.08 12.23 101716 52323
0 0.000000 0.000000 -0.53 12.21 101722 52939
0 0.000000 0.000000 -0.18 12.16 101717 54553
0 0.000000 0.000000 0.41 12.17 101710 55169
0 0.000000 0.000000 -0.00 12.17 101715 56786
0 0.000000 0.000000 0.08 12.15 101714 57401
0 0.000000 0.000000 0.06 12.15 101715 59025
0 0.000000 0.000000 -0.12 12.14 101717 59648
0 0.000000 0.000000 0.03 12.14 101715 60954
0 0.000000 0.000000 0.39 12.13 101711 61569
0 0.000000 0.000000 -0.06 12.13 101716 63352
0 0.000000 0.000000 -0.06 12.12 101716 63802
0 0.000000 0.000000 -0.31 12.10 101719 65417
0 0.000000 0.000000 -0.12 12.10 101717 66034
0 0.000000 0.000000 -0.14 12.11 101717 68260
0 0.000000 0.000000 -0.41 12.15 101720 68885
0 0.000000 0.000000 -0.34 12.16 101719 70495
0 0.000000 0.000000 -0.68 12.19 101723 71109
0 0.000000 0.000000 -0.50 12.23 101721 72724
0 0.000000 0.000000 -0.43 12.18 101720 73355
0 0.000000 0.000000 -0.56 12.26 101722 74957
0 0.000000 0.000000 0.35 12.29 101711 75567
0 0.000000 0.000000 0.32 12.30 101711 76349
0 0.000000 0.000000 0.62 12.30 101708 77192
0 0.000000 0.000000 0.58 12.28 101708 77814
0 0.000000 0.000000 0.76 12.32 101706 78440
0 0.000000 0.000000 0.59 12.33 101708 80062
0 0.000000 0.000000 0.31 12.33 101711 80834
0 0.000000 0.000000 0.55 12.31 101709 82308
0 0.000000 0.000000 0.43 12.29 101710 82930
0 0.000000 0.000000 0.38 12.23 101711 84553
0 0.000000 0.000000 0.61 12.20 101708 85337
0 0.000000 0.000000 -0.10 12.12 101716 86796
0 0.000000 0.000000 -0.00 12.07 101715 87412
0 0.000000 0.000000 0.39 12.08 101710 88967
0 0.000000 0.000000 -0.27 12.00 101718 89792
0 0.000000 0.000000 -0.49 11.92 101721 90255
0 0.000000 0.000000 -0.67 11.98 101723 91867
0 0.000000 0.000000 -0.51 12.01 101721 92483
0 0.000000 0.000000 -0.52 12.02 101721 94254
0 0.000000 0.000000 -0.61 11.96 101723 94709
0 0.000000 0.000000 -0.27 12.02 101718 96328
0 0.000000 0.000000 -0.55 12.03 101722 96954
0 0.000000 0.000000 -0.82 11.96 101725 99166
0 0.000000 0.000000 -1.40 11.96 101732 99781
0 0.000000 0.000000 -0.54 11.96 101722 101388
0 0.000000 0.000000 -0.71 11.92 101724 101992
0 0.000000 0.000000 -0.78 11.81 101725 103597
0 0.000000 0.000000 -0.70 11.75 101724 104202
0 0.000000 0.000000 -1.11 11.58 101729 105808
0 0.000000 0.000000 0.16 11.50 101713 106415
0 0.000000 0.000000 -0.67 11.48 101723 107180
0 0.000000 0.000000 -0.27 11.45 101718 108030
0 0.000000 0.000000 -0.13 11.42 101717 108648
0 0.000000 0.000000 -0.35 11.41 101719 109241
0 0.000000 0.000000 -0.28 11.33 101719 110848
0 0.000000 0.000000 -0.05 11.27 101716 111603
0 0.000000 0.000000 0.16 11.18 101713 113059
0 0.000000 0.000000 0.53 11.17 101709 113674
0 0.000000 0.000000 0.79 11.19 101706 115287
0 0.000000 0.000000 0.50 11.21 101709 116055
0 0.000000 0.000000 0.24 11.22 101712 117517
0 0.000000 0.000000 0.38 11.21 101711 118130
0 0.000000 0.000000 0.33 11.22 101711 119692
0 0.000000 0.000000 0.19 11.22 101713 120524
0 0.000000 0.000000 0.37 11.22 101711 120973
0 0.000000 0.000000 0.02 11.23 101715 122589
0 0.000000 0.000000 0.48 11.24 101709 123204
0 0.000000 0.000000 0.51 11.32 101709 124920
0 0.000000 0.000000 -0.79 11.38 101725 125443
0 0.000000 0.000000 -0.65 11.47 101723 127048
0 0.000000 0.000000 -1.40 11.51 101732 127654
0 0.000000 0.000000 -1.79 11.60 101737 129866
0 0.000000 0.000000 -1.74 11.64 101736 130472
0 0.000000 0.000000 -1.66 11.72 101735 132079
0 0.000000 0.000000 -2.44 11.74 101745 132698
0 0.000000 0.000000 -1.29 12.14 101731 136486
0 0.000000 0.000000 -2.34 12.07 101743 137092
0 0.000000 0.000000 -5.62 12.82 101783 151461
0 0.000000 0.000000 -3.28 12.60 101755 157469
0 0.000000 0.000000 -2.75 12.65 101748 158074
0 0.000000 0.000000 -4.33 12.75 101767 160285
0 0.000000 0.000000 -5.02 12.80 101776 160892
0 0.000000 0.000000 -1.96 12.86 101739 162499
0 0.000000 0.000000 -1.49 12.84 101733 163105
0 0.000000 0.000000 -1.63 12.80 101735 164712
0 0.000000 0.000000 -1.91 12.79 101738 165317
0 0.000000 0.000000 -1.41 12.78 101732 166938
0 0.000000 0.000000 -0.95 12.75 101727 167538
0 0.000000 0.000000 -2.92 12.75 101750 168290
0 0.000000 0.000000 -2.18 12.82 101742 169138
0 0.000000 0.000000 -0.73 12.78 101724 169743
0 0.000000 0.000000 -0.71 12.78 101724 170349
0 0.000000 0.000000 -0.59 12.71 101722 171956
0 0.000000 0.000000 -0.50 12.66 101721 172721
0 0.000000 0.000000 -0.20 12.62 101718 174169
0 0.000000 0.000000 -0.24 12.62 101718 174774
0 0.000000 0.000000 -0.38 12.59 101720 176380
0 0.000000 0.000000 -0.39 12.58 101720 177158
0 0.000000 0.000000 -0.38 12.55 101720 178596
0 0.000000 0.000000 -0.79 12.56 101725 179202
0 0.000000 0.000000 -0.80 12.54 101725 180752
0 0.000000 0.000000 -0.59 12.50 101722 181571
0 0.000000 0.000000 -0.56 12.47 101722 182017
0 0.000000 0.000000 -0.82 12.47 101725 183624
0 0.000000 0.000000 -0.59 12.46 101722 184229
0 0.000000 0.000000 -0.40 12.38 101720 186009
0 0.000000 0.000000 -0.32 12.36 101719 186441
0 0.000000 0.000000 -0.84 12.26 101725 188049
0 0.000000 0.000000 -1.27 12.23 101730 188667
0 0.000000 0.000000 -0.64 12.16 101723 190869
0 0.000000 0.000000 -0.76 12.16 101724 191474
0 0.000000 0.000000 -0.90 12.21 101726 193081
0 0.000000 0.000000 -0.76 12.20 101724 193686
0 0.000000 0.000000 -0.55 12.10 101722 195293
0 0.000000 0.000000 -0.55 12.05 101722 195898
0 0.000000 0.000000 -0.69 12.10 101724 197506
0 0.000000 0.000000 -1.07 12.08 101728 198111
0 0.000000 0.000000 -0.82 12.11 101725 198880
0 0.000000 0.000000 -0.88 12.13 101726 199716
0 0.000000 0.000000 -1.11 12.16 101729 200334
0 0.000000 0.000000 -1.60 12.20 101734 200925
0 0.000000 0.000000 -1.96 12.23 101739 201844
0 0.000000 0.000000 -1.71 12.23 101736 202530
0 0.000000 0.000000 -1.51 12.17 101733 203295
0 0.000000 0.000000 -1.39 12.12 101732 204744
0 0.000000 0.000000 -0.46 12.08 101721 205349
0 0.000000 0.000000 -2.12 11.91 101741 206957
0 0.000000 0.000000 -1.56 11.80 101734 207723
0 0.000000 0.000000 -2.13 11.65 101741 209168
0 0.000000 0.000000 -2.07 11.57 101740 209773
0 0.000000 0.000000 -1.80 11.41 101737 211329
0 0.000000 0.000000 -0.71 11.37 101724 212143
0 0.000000 0.000000 -1.07 11.39 101728 212589
0 0.000000 0.000000 -0.94 11.32 101727 214196
0 0.000000 0.000000 -1.11 11.31 101729 214802
0 0.000000 0.000000 -1.23 11.28 101730 216576
0 0.000000 0.000000 -1.17 11.26 101729 217014
0 0.000000 0.000000 -1.10 11.26 101728 218619
0 0.000000 0.000000 -1.32 11.23 101731 219225
0 0.000000 0.000000 -0.92 11.17 101726 221437
0 0.000000 0.000000 -0.48 11.16 101721 222043
0 0.000000 0.000000 -0.67 11.24 101723 223648
0 0.000000 0.000000 -1.41 11.25 101732 224254
0 0.000000 0.000000 -2.91 11.45 101750 225861
0 0.000000 0.000000 -2.32 11.61 101743 226467
0 0.000000 0.000000 -2.34 11.81 101743 228073
0 0.000000 0.000000 -1.57 11.94 101734 228678
0 0.000000 0.000000 -2.24 11.96 101742 229437
0 0.000000 0.000000 -1.08 11.91 101728 230285
0 0.000000 0.000000 -6.24 11.97 101791 230889
0 0.000000 0.000000 -3.14 12.00 101753 231495
0 0.000000 0.000000 0.00 12.04 101715 232421
0 0.000000 0.000000 -1.11 12.03 101729 233102
0 0.000000 0.000000 -3.77 12.01 101761 233796
0 0.000000 0.000000 -5.77 12.35 101785 235313
0 0.000000 0.000000 -3.21 12.41 101754 235920
0 0.000000 0.000000 -1.31 12.42 101731 237526
0 0.000000 0.000000 -0.85 12.41 101726 238282
0 0.000000 0.000000 -1.79 12.32 101737 239737
0 0.000000 0.000000 -1.01 12.32 101727 240344
0 0.000000 0.000000 -4.77 12.32 101773 241908
0 0.000000 0.000000 -3.97 12.29 101763 242706
0 0.000000 0.000000 -5.59 12.31 101783 243179
0 0.000000 0.000000 -5.11 12.31 101777 243730
3 0.000000 0.000000 -3.51 12.37 101758 244777
3 0.000000 0.000000 -3.48 12.39 101757 245387
3 0.000000 0.000000 -4.32 12.45 101767 246993
3 0.000000 0.000000 -3.76 12.46 101761 247601
3 0.000000 0.000000 -4.62 12.53 101771 249207
3 0.000000 0.000000 -3.76 12.46 101761 249815
3 0.000000 0.000000 -3.48 12.37 101757 251398
0 0.000000 0.000000 -5.57 12.41 101782 252024
3 0.000000 0.000000 -1.98 12.49 101739 252630
3 0.000000 0.000000 -1.69 12.36 101736 254254
3 0.000000 0.000000 -1.54 12.32 101734 254841
3 0.000000 0.000000 -3.33 12.34 101755 256487
5 51.849105 4.969812 -1.15 12.37 101729 257097
0 51.849098 4.969824 -2.84 12.32 101749 258691
0 51.849147 4.969836 -1.82 12.29 101737 259290
5 51.849189 4.969857 -2.13 12.34 101741 260859
0 51.849216 4.969869 -1.01 12.37 101727 261486
0 51.849212 4.969868 -0.72 12.41 101724 262079
0 51.849208 4.969866 -1.15 12.46 101729 263677
0 51.849220 4.969871 -1.44 12.45 101732 264274
0 51.849208 4.969860 -0.94 12.43 101727 265889
0 51.849208 4.969859 -1.37 12.47 101732 266474
0 51.849208 4.969860 -0.78 12.54 101725 268064
0 51.849216 4.969867 -1.07 12.59 101728 268661
0 51.849224 4.969864 -0.97 12.63 101727 270261
0 51.849227 4.969861 -0.91 12.63 101726 270855
5 51.849220 4.969854 -0.94 12.64 101727 272375
0 51.849227 4.969856 -1.08 12.65 101728 273053
0 51.849227 4.969857 -0.93 12.70 101726 273645
0 51.849227 4.969856 -0.63 12.61 101723 275245
0 51.849227 4.969856 -1.09 12.56 101728 275843
0 51.849224 4.969856 -0.92 12.45 101726 277442
0 51.849227 4.969855 -1.08 12.33 101728 278035
0 51.849227 4.969856 -1.69 12.30 101736 279633
0 51.849227 4.969856 -1.91 12.25 101738 280232
5 51.849227 4.969855 -1.53 12.19 101734 281779
0 51.849227 4.969854 -1.40 12.15 101732 282429
0 51.849224 4.969853 -1.29 12.12 101731 283024
0 51.849224 4.969853 -1.47 12.07 101733 284623
0 51.849224 4.969851 -1.25 12.08 101730 285216
0 51.849212 4.969848 -1.47 12.10 101733 286818
0 51.849220 4.969851 -1.39 12.08 101732 287429
0 51.849220 4.969854 -1.43 12.16 101732 289014
0 51.849227 4.969856 -1.31 12.12 101731 289606
5 51.849224 4.969854 -1.91 12.19 101738 291189
0 51.849224 4.969854 -2.13 12.21 101741 291806
0 51.849220 4.969863 -1.85 12.23 101738 292400
0 51.849205 4.969893 -1.38 12.22 101732 293994
0 51.849193 4.969891 -1.84 12.22 101737 294592
0 51.849246 4.970028 -1.26 12.17 101730 296202
0 51.849304 4.970118 -1.19 12.19 101729 296795
0 51.849464 4.970283 -1.55 12.16 101734 298394
0 51.849575 4.970381 -1.02 12.16 101727 299005
0 51.849700 4.970489 -1.60 12.17 101734 300588
0 51.849731 4.970512 -1.81 12.15 101737 301185
4 51.849777 4.970542 -1.80 12.18 101737 302738
0 51.849674 4.970446 -1.51 12.16 101733 303382
0 51.849609 4.970385 -1.51 12.16 101733 303972
0 51.849483 4.970291 -1.58 12.17 101734 305568
0 51.849468 4.970276 -1.19 12.20 101730 306165
0 51.849437 4.970245 -1.40 12.17 101732 307765
0 51.849426 4.970224 -1.62 12.16 101735 308360
0 51.849407 4.970211 -1.87 12.18 101738 309958
0 51.849399 4.970197 -1.40 12.15 101732 310555
5 51.849391 4.970172 -2.35 12.18 101744 312111
0 51.849391 4.970160 -2.20 12.21 101742 312751
0 51.849384 4.970148 -2.49 12.23 101745 313349
0 51.849353 4.970126 -1.88 12.20 101738 314947
0 51.849346 4.970105 -1.73 12.18 101736 315538
0 51.849323 4.970064 -1.53 12.13 101734 317137
0 51.849292 4.970030 -1.37 12.08 101732 317746
0 51.849292 4.970021 -1.31 12.09 101731 319332
0 51.849285 4.970011 -1.39 12.09 101732 319930
5 51.849258 4.969983 -0.44 12.18 101720 321519
0 51.849246 4.969969 -0.75 12.20 101724 322126
5 51.849239 4.969944 -0.12 12.10 101717 324319
0 51.849243 4.969924 -0.23 12.15 101718 324920
0 0.000000 0.000000 -0.31 12.28 101719 326469
0 0.000000 0.000000 0.19 12.38 101713 327073
0 0.000000 0.000000 0.04 12.37 101715 328689
0 0.000000 0.000000 -0.69 12.43 101723 329306
0 0.000000 0.000000 -0.30 12.56 101719 330918
0 0.000000 0.000000 -1.03 12.63 101728 331517
3 51.849460 4.969336 -0.23 12.71 101718 333096
0 51.849586 4.969166 -0.11 12.73 101717 333786
0 51.849697 4.969074 -0.39 12.76 101720 334369
0 0.000000 0.000000 -0.04 12.95 101716 335917
0 51.850044 4.968345 -3.01 12.96 101752 336569
0 51.850788 4.967575 -0.31 13.12 101719 338177
0 51.851074 4.967278 -1.01 13.14 101727 338764
0 51.851547 4.966772 -2.30 13.26 101743 340364
0 51.851928 4.966572 -2.40 13.29 101744 340965
4 51.852519 4.966070 -0.68 13.31 101723 342515
0 0.000000 0.000000 -0.04 13.31 101716 343106
0 0.000000 0.000000 -0.35 13.26 101719 343712
0 0.000000 0.000000 -1.06 13.19 101728 345335
0 0.000000 0.000000 -2.04 13.21 101740 345930
0 0.000000 0.000000 -2.23 13.23 101742 347535
3 0.000000 0.000000 -1.65 13.23 101735 348144
3 0.000000 0.000000 -1.28 13.28 101731 349758
3 0.000000 0.000000 -0.84 13.32 101725 350357
3 0.000000 0.000000 -0.37 13.38 101720 351964
0 0.000000 0.000000 -0.16 13.42 101717 352565
0 0.000000 0.000000 -0.15 13.51 101717 354109
0 0.000000 0.000000 0.01 13.56 101715 354777
0 0.000000 0.000000 -0.06 13.59 101716 355392
0 0.000000 0.000000 -0.84 13.40 101725 357010
0 0.000000 0.000000 -0.68 13.34 101723 357600
0 0.000000 0.000000 -1.70 13.17 101736 359209
0 0.000000 0.000000 -1.82 13.03 101737 359819
0 0.000000 0.000000 -1.43 12.83 101732 361430
3 0.000000 0.000000 -2.06 12.76 101740 362038
0 0.000000 0.000000 -2.10 12.70 101741 363607
0 0.000000 0.000000 -1.09 12.65 101728 364251
4 51.848461 4.968836 -0.25 12.57 101718 364884
0 51.848838 4.969206 -3.82 12.40 101761 366485
0 51.848903 4.969279 -1.34 12.36 101731 367086
0 51.849002 4.969346 -1.77 12.26 101737 368679
0 51.849040 4.969363 -1.23 12.21 101730 369274
0 51.849109 4.969351 -1.08 12.17 101728 370875
0 51.849121 4.969357 -0.79 12.10 101725 371471
4 51.849151 4.969350 -1.01 11.99 101727 373038
0 51.849170 4.969352 -1.20 11.95 101730 373668
0 51.849185 4.969342 -1.51 11.91 101733 374268
0 51.849185 4.969308 -1.32 11.92 101731 375864
0 51.849185 4.969292 -0.28 11.93 101719 376459
0 51.849197 4.969259 -0.74 11.79 101724 378054
0 51.849197 4.969225 -0.85 11.76 101725 378667
0 51.849212 4.969181 -0.19 11.74 101717 380257
0 51.849227 4.969165 -0.26 11.72 101718 380851
0 51.849250 4.969126 -0.65 11.70 101723 382446
0 51.849254 4.969097 -0.39 11.68 101720 383045
5 51.849285 4.969024 0.05 11.76 101715 385243
0 51.849288 4.969004 0.18 11.77 101713 385846
0 51.849277 4.968951 -0.84 11.80 101725 387456
0 51.849266 4.968932 -1.38 11.85 101732 388049
0 51.849277 4.968914 -1.19 11.87 101730 389646
0 51.849277 4.968888 -1.14 11.88 101729 390247
0 51.849285 4.968846 -1.08 11.91 101728 391863
0 51.849285 4.968824 -0.74 11.94 101724 392445
5 51.849285 4.968779 -0.68 12.02 101723 393976
0 51.849285 4.968757 -0.69 12.00 101724 394640
0 51.849288 4.968734 -0.54 11.99 101722 395229
0 51.849308 4.968717 -0.20 11.99 101718 396825
0 51.849315 4.968699 -0.29 11.95 101719 397426
0 51.849330 4.968667 -0.44 11.93 101721 399024
0 51.849346 4.968655 -0.45 11.88 101721 399622
0 51.849361 4.968632 0.22 11.80 101713 401217
0 51.849361 4.968617 -0.37 11.72 101720 401830
5 51.849384 4.968605 -0.52 11.65 101722 403393
0 51.849403 4.968602 -0.42 11.60 101720 404018
0 51.849407 4.968596 -0.80 11.54 101725 404616
0 51.849411 4.968575 -0.98 11.49 101727 406215
0 51.849407 4.968550 -1.15 11.47 101729 406806
0 51.849407 4.968506 -1.42 11.43 101732 408403
0 51.849399 4.968489 -1.44 11.43 101732 409007
0 51.849403 4.968462 -0.89 11.44 101726 410606
0 51.849414 4.968453 -0.66 11.47 101723 411202
0 51.849403 4.968419 -1.92 11.68 101738 412795
0 51.849395 4.968391 -0.90 11.75 101726 413404
5 51.849445 4.968335 0.27 11.74 101712 415590
0 51.849430 4.968285 0.54 12.03 101709 416194
0 51.849426 4.968224 1.52 12.86 101697 417799
0 51.849426 4.968201 1.08 12.98 101702 418404
0 51.849418 4.968145 0.77 13.18 101706 420005
0 51.849437 4.968100 0.82 13.32 101705 420621
0 51.849399 4.968034 0.97 13.52 101703 422231
0 51.849418 4.968013 0.56 13.54 101708 422825
5 51.849426 4.967966 0.79 13.77 101706 424380
0 51.849445 4.967945 0.88 13.81 101705 425049
0 51.849437 4.967923 0.34 13.78 101711 425654
0 51.849414 4.967880 0.23 14.06 101712 427249
0 51.849388 4.967858 1.01 14.21 101703 427858
0 51.849388 4.967815 0.84 14.41 101705 429463
0 51.849395 4.967804 0.38 14.46 101711 430067
0 51.849411 4.967768 1.08 14.54 101702 431669
0 51.849426 4.967752 0.79 14.57 101706 432283
5 51.849445 4.967739 1.12 14.65 101702 433862
0 51.849452 4.967734 1.26 14.70 101700 434486
0 51.849456 4.967732 0.29 14.61 101712 435094
0 51.849460 4.967724 1.54 14.71 101697 436700
0 51.849437 4.967701 1.71 14.86 101695 437315
0 51.849426 4.967694 2.21 15.20 101689 438910
0 51.849411 4.967682 2.48 15.25 101685 439524
0 51.849388 4.967670 1.24 15.42 101700 441121
0 51.849380 4.967663 1.75 15.52 101694 441728
5 51.849349 4.967639 0.56 15.39 101708 443338
0 51.849334 4.967637 0.58 15.07 101708 443939
3 51.849342 4.967643 0.14 14.63 101713 445460
0 51.849330 4.967642 -1.90 14.24 101738 446150
0 51.849338 4.967642 -0.23 13.96 101718 446753
0 51.849376 4.967663 -1.17 13.78 101729 448352
0 51.849376 4.967668 -1.35 13.67 101731 448956
0 51.849372 4.967676 -0.55 13.33 101722 450544
0 51.849372 4.967678 -0.71 13.17 101724 451146
0 51.849384 4.967682 -0.98 12.87 101727 452737
0 51.849384 4.967680 -2.00 12.79 101739 453331
5 51.849391 4.967682 -6.67 12.90 101796 454882
0 51.849388 4.967681 -6.10 12.96 101789 455533
0 51.849388 4.967679 -5.82 12.98 101785 456130
0 51.849395 4.967681 -5.52 12.94 101782 457724
0 51.849399 4.967683 -5.61 12.93 101783 458322
0 51.849399 4.967684 -8.16 12.89 101814 459925
0 51.849391 4.967681 -5.92 12.90 101787 460520
0 51.849376 4.967672 -9.98 12.93 101836 462115
0 51.849369 4.967668 -7.95 12.98 101811 462714
5 51.849376 4.967669 -7.26 13.05 101803 464291
0 51.849369 4.967668 -7.54 13.10 101806 464910
0 51.849372 4.967672 -7.69 13.12 101808 465506
0 51.849369 4.967673 -7.83 13.19 101810 467106
0 51.849365 4.967673 -7.30 13.10 101803 467700
0 51.849349 4.967662 -7.89 13.22 101810 469298
0 51.849349 4.967660 -8.03 13.24 101812 469897
0 51.849346 4.967657 -7.58 13.27 101807 471508
0 51.849346 4.967658 -7.72 13.26 101808 472089
0 51.849349 4.967659 -7.24 13.29 101803 473691
0 51.849353 4.967662 -6.48 13.34 101793 474291
6 51.849353 4.967664 -8.25 13.44 101815 475811
0 51.849361 4.967669 -5.13 13.42 101777 476481
0 51.849365 4.967674 -6.85 13.48 101798 477080
0 51.849372 4.967682 -1.49 13.14 101733 478681
0 51.849376 4.967684 -1.28 12.96 101731 479272
0 51.849384 4.967693 -1.27 12.80 101731 480870
0 51.849391 4.967699 -0.71 12.73 101724 481466
0 51.849399 4.967707 -0.89 12.50 101726 483083
0 51.849399 4.967709 -0.99 12.50 101727 483663
6 51.849407 4.967709 -1.83 12.38 101737 485213
0 51.849403 4.967705 -0.46 12.23 101721 485858
0 51.849407 4.967704 -1.17 12.21 101729 486452
0 51.849395 4.967700 -2.63 12.09 101747 488051
0 51.849391 4.967697 -2.58 12.00 101746 488650
0 51.849391 4.967695 -0.53 11.88 101722 490249
0 51.849388 4.967692 -0.98 11.87 101727 490845
0 51.849391 4.967688 -0.34 11.78 101719 492445
0 51.849395 4.967684 -0.12 11.75 101717 493041
6 51.849388 4.967686 0.33 11.61 101711 494623
0 51.849391 4.967684 -0.87 11.53 101726 495240
0 51.849388 4.967704 -1.02 11.48 101727 495840
0 51.849452 4.967580 1.12 11.40 101702 497442
0 51.849433 4.967511 -1.23 11.34 101730 498046
0 51.849487 4.967494 -0.66 11.32 101723 499641
0 51.849506 4.967513 -0.31 11.32 101719 500239
0 51.849502 4.967502 -0.32 11.32 101719 501832
0 51.849514 4.967485 -0.74 11.35 101724 502426
0 51.849506 4.967473 -0.67 11.39 101723 504029
0 51.849517 4.967456 -0.55 11.41 101722 504637
5 51.849514 4.967454 -0.37 11.43 101720 506147
0 51.849514 4.967473 -0.34 11.48 101719 506819
0 51.849529 4.967504 -1.08 11.55 101728 507416
0 51.849567 4.967570 -1.04 11.58 101728 509015
0 51.849597 4.967604 -1.09 11.61 101728 509611
0 51.849586 4.967619 -0.59 11.61 101722 511206
0 51.849544 4.967597 -1.03 11.60 101728 511808
0 51.849502 4.967607 -0.78 11.62 101725 513403
0 51.849487 4.967614 -0.31 11.68 101719 514000
6 51.849422 4.967674 -0.15 11.79 101717 515556
0 51.849391 4.967674 -0.16 11.85 101717 516209
0 51.849376 4.967677 -0.09 11.91 101716 516795
0 51.849391 4.967682 -1.90 11.73 101738 518392
0 51.849384 4.967684 -1.11 11.66 101729 518989
0 51.849391 4.967691 -0.11 11.87 101717 520595
0 51.849399 4.967696 -0.52 11.91 101721 521182
0 51.849407 4.967701 -0.82 11.90 101725 522779
0 51.849422 4.967719 -1.58 11.85 101734 523376
0 51.849422 4.967726 -1.78 11.80 101737 524965
0 51.849422 4.967729 -1.37 11.79 101732 525571
6 51.849426 4.967741 -1.07 11.80 101728 527768
0 51.849418 4.967732 -1.13 11.69 101729 528361
0 51.849414 4.967730 -0.73 11.61 101724 529958
0 51.849391 4.967716 -1.61 11.60 101735 530558
0 51.849376 4.967705 -8.62 11.63 101819 532743
0 51.849349 4.967699 -3.46 11.72 101757 539297
0 51.849346 4.967694 -1.19 11.70 101730 539882
0 51.849346 4.967692 -0.13 11.63 101717 541477
0 51.849349 4.967689 -1.34 11.58 101731 542076
0 51.849357 4.967675 -2.01 11.56 101739 543674
0 51.849357 4.967670 -2.96 11.53 101751 544266
6 51.849346 4.967651 -1.42 11.45 101732 545829
0 51.849357 4.967627 -1.23 11.43 101730 546467
0 51.849357 4.967598 -2.07 11.41 101740 547070
0 51.849365 4.967542 -2.23 11.34 101742 548668
0 51.849380 4.967503 -0.67 11.35 101723 549266
0 51.849388 4.967431 -1.08 11.33 101728 550877
0 51.849388 4.967386 -0.92 11.31 101726 551459
0 51.849391 4.967298 -0.85 11.31 101725 553056
0 51.849395 4.967255 -1.37 11.29 101732 553655
6 51.849407 4.967180 -0.42 11.25 101720 555240
0 51.849414 4.967146 -0.04 11.26 101716 555847
6 51.849426 4.967041 -0.25 11.37 101718 558047
0 51.849430 4.967006 -0.12 11.39 101717 558640
0 51.849437 4.966938 -0.24 11.44 101718 560239
0 51.849433 4.966895 -0.35 11.43 101719 560837
0 51.849441 4.966839 -0.34 11.44 101719 562434
0 51.849445 4.966819 -1.49 11.43 101733 563024
0 51.849433 4.966751 -0.61 11.40 101723 564631
0 51.849426 4.966718 -1.06 11.39 101728 565224
6 51.849441 4.966679 -0.88 11.38 101726 566753
0 51.849441 4.966668 -0.01 11.41 101715 567415
0 51.849449 4.966657 -0.57 11.51 101722 568013
0 51.849452 4.966641 -0.42 11.50 101720 569615
0 51.849452 4.966627 -0.09 11.52 101716 570206
0 51.849460 4.966569 -0.69 11.61 101723 571814
0 51.849464 4.966540 -0.71 11.63 101724 572410
0 51.849468 4.966468 -0.85 11.75 101725 574020
0 51.849483 4.966437 -1.02 11.81 101728 574604
6 51.849472 4.966366 -0.84 11.80 101725 576164
0 51.849472 4.966338 -1.08 11.79 101728 576802
0 51.849479 4.966320 -1.15 11.77 101729 577397
0 51.849479 4.966311 -1.08 11.85 101728 578989
0 51.849483 4.966312 -0.76 11.96 101724 579588
0 51.849479 4.966312 -0.83 12.06 101725 581186
0 51.849483 4.966309 -0.39 12.05 101720 581779
0 51.849487 4.966312 -7.21 12.24 101802 583382
0 51.849487 4.966313 -0.86 12.30 101726 583979
0 51.849487 4.966312 -0.77 12.27 101724 585575
0 51.849491 4.966320 -2.31 12.24 101743 586172
6 51.849487 4.966316 -2.87 12.23 101750 588368
0 51.849479 4.966329 -2.24 12.30 101742 590555
0 51.849479 4.966331 -2.10 12.35 101740 591153
0 51.849468 4.966340 -2.00 12.39 101739 592758
0 51.849468 4.966361 -3.97 12.46 101763 593351
0 51.849464 4.966412 -2.00 12.48 101739 594954
0 51.849460 4.966448 -1.87 12.48 101738 595548
6 51.849441 4.966520 -3.60 12.62 101759 597083
0 51.849430 4.966564 -1.43 12.65 101732 597740
0 51.849426 4.966627 -2.28 12.61 101743 598339
0 51.849422 4.966716 -2.14 12.71 101741 599937
0 51.849430 4.966761 -1.30 12.71 101731 600531
0 51.849430 4.966857 -1.48 12.67 101733 602126
0 51.849441 4.966902 -1.76 12.68 101736 602726
0 51.849430 4.967008 -1.08 12.66 101728 604325
0 51.849430 4.967072 -0.87 12.64 101726 604921
6 51.849418 4.967187 -1.45 12.69 101733 606484
0 51.849414 4.967247 -1.40 12.69 101732 607116
0 51.849407 4.967302 -1.68 12.68 101735 607724
0 51.849395 4.967409 -1.26 12.69 101730 609307
0 51.849384 4.967458 -1.35 12.71 101731 609908
0 51.849380 4.967555 -0.97 12.74 101727 611507
0 51.849376 4.967592 -1.37 12.77 101732 612102
0 51.849376 4.967626 -1.06 12.85 101728 613694
0 51.849369 4.967628 -0.88 12.87 101726 614297
0 51.849365 4.967627 -2.00 12.93 101739 615891
0 51.849361 4.967628 -0.69 12.97 101723 616484
6 51.849365 4.967635 -0.64 13.08 101723 618681
0 51.849365 4.967637 -0.32 13.10 101719 619276
0 51.849365 4.967640 -0.68 13.14 101723 620889
0 51.849365 4.967639 -0.45 13.18 101721 621474
0 51.849353 4.967637 -0.74 13.21 101724 623072
0 51.849349 4.967635 -1.36 13.17 101732 623667
0 51.849349 4.967633 -0.16 13.11 101717 625271
0 51.849353 4.967631 -0.46 13.06 101721 625868
7 51.849353 4.967633 -0.14 13.06 101717 627401
0 51.849353 4.967639 -0.40 13.07 101720 628059
0 51.849353 4.967640 -0.47 13.09 101721 628657
0 51.849361 4.967645 0.10 13.08 101714 630257
0 51.849361 4.967649 0.21 13.10 101713 630856
0 51.849365 4.967650 -0.77 13.08 101724 632465
0 51.849365 4.967652 -0.39 13.06 101720 633066
0 51.849357 4.967658 -0.35 13.05 101719 634663
0 51.849353 4.967669 0.33 12.99 101711 635260
7 51.849349 4.967689 -0.94 12.92 101727 636836
0 51.849349 4.967716 -1.39 12.88 101732 637467
0 51.849349 4.967742 -0.31 12.86 101719 638067
0 51.849342 4.967807 -1.21 12.88 101730 639660
0 51.849338 4.967845 -1.34 12.86 101731 640262
0 51.849330 4.967932 -1.36 12.85 101732 641856
0 51.849327 4.967978 -1.72 12.83 101736 642464
0 51.849323 4.968071 -2.35 12.81 101744 644049
0 51.849327 4.968120 -1.83 12.81 101737 644652
0 51.849319 4.968213 -1.27 12.79 101730 646246
0 51.849315 4.968261 -1.04 12.69 101728 646842
7 51.849308 4.968403 -1.34 12.57 101731 649040
0 51.849304 4.968449 -0.68 12.55 101723 649633
0 51.849292 4.968545 -1.94 12.49 101739 651232
0 51.849288 4.968596 -2.08 12.45 101740 651828
0 51.849281 4.968697 -2.23 12.37 101742 653430
0 51.849277 4.968747 -1.28 12.36 101731 654024
0 51.849269 4.968840 -3.23 12.29 101754 655636
0 51.849266 4.968885 -2.83 12.29 101749 656220
7 51.849262 4.968970 -2.97 12.26 101751 657756
0 51.849262 4.969013 -3.26 12.24 101755 658412
0 51.849258 4.969058 -2.52 12.24 101746 659011
0 51.849250 4.969149 -3.43 12.21 101757 660610
0 51.849246 4.969193 -3.61 12.19 101759 661203
0 51.849243 4.969274 -3.24 12.09 101754 662802
0 51.849231 4.969323 -2.58 12.10 101746 663404
0 51.849227 4.969411 -1.81 12.07 101737 664996
0 51.849227 4.969459 -1.62 12.08 101735 665595
7 51.849227 4.969560 -1.86 12.06 101738 667166
0 51.849227 4.969611 -1.85 12.07 101738 667791
0 51.849224 4.969658 -1.89 12.08 101738 668391
0 51.849224 4.969747 -1.69 12.08 101735 669984
0 51.849220 4.969788 -1.31 12.07 101731 670583
0 51.849208 4.969865 -1.46 12.05 101733 672183
0 51.849208 4.969892 -1.67 12.05 101735 672775
0 51.849205 4.969903 -1.45 12.03 101733 674368
0 51.849201 4.969900 -0.65 12.04 101723 674966
0 51.849197 4.969896 -2.31 11.96 101743 676570
0 51.849197 4.969897 -0.65 11.91 101723 677178
7 51.849197 4.969901 -1.39 11.95 101732 678695
0 51.849197 4.969901 -1.39 11.94 101732 679360
0 51.849197 4.969898 -1.12 11.93 101729 679957
0 51.849197 4.969900 -1.23 11.95 101730 681555
0 51.849193 4.969906 -1.78 11.98 101737 682157
0 51.849193 4.969912 -2.04 12.02 101740 683753
0 51.849197 4.969913 -2.08 12.02 101740 684348
0 51.849197 4.969917 -1.97 12.05 101739 685942
0 51.849201 4.969916 -1.98 12.06 101739 686542
7 51.849205 4.969916 -2.33 12.09 101743 688084
0 51.849205 4.969916 -1.50 12.09 101733 688743
0 51.849205 4.969913 -2.31 12.06 101743 689334
0 51.849208 4.969916 -1.15 12.04 101729 690929
0 51.849212 4.969918 -0.94 12.02 101727 691523
0 51.849220 4.969920 -1.64 11.98 101735 693123
0 51.849224 4.969920 -1.78 11.93 101737 693721
0 51.849227 4.969924 -1.35 11.85 101731 695326
0 51.849231 4.969923 -1.22 11.81 101730 695914
7 51.849227 4.969917 -1.22 11.76 101730 697494
0 51.849227 4.969915 -1.23 11.74 101730 698113
0 51.849227 4.969912 -1.29 11.72 101731 698706
0 51.849227 4.969906 -1.56 11.65 101734 700308
0 51.849227 4.969905 -1.45 11.63 101733 700907
0 51.849227 4.969901 -1.61 11.60 101735 702504
0 51.849227 4.969897 -2.21 11.59 101742 703099
0 51.849224 4.969893 -3.47 11.56 101757 704696
0 51.849224 4.969891 -3.56 11.59 101758 705293
0 51.849227 4.969889 -1.97 11.59 101739 706886
0 51.849224 4.969888 -2.37 11.58 101744 707481
6 51.849220 4.969889 -1.80 11.51 101737 709012
0 51.849224 4.969893 -1.50 11.49 101733 709677
0 51.849227 4.969899 -2.05 11.45 101740 710292
0 51.849227 4.969904 -1.40 11.41 101732 711875
0 51.849227 4.969900 -1.24 11.38 101730 712472
0 51.849239 4.969904 -2.02 11.36 101740 714074
0 51.849239 4.969904 -2.29 11.36 101743 714660
0 51.849243 4.969902 -2.26 11.35 101742 716262
0 51.849239 4.969903 -2.43 11.34 101745 716862
7 51.849231 4.969909 -2.37 11.34 101744 718408
0 51.849227 4.969914 -1.64 11.29 101735 719052
0 51.849235 4.969916 -1.41 11.27 101732 719656
0 51.849227 4.969918 -1.35 11.21 101731 721252
0 51.849227 4.969917 -1.61 11.22 101735 721853
0 51.849227 4.969913 -1.17 11.17 101729 723440
0 51.849227 4.969911 -1.14 11.14 101729 724039
0 51.849220 4.969906 -2.75 11.14 101748 725641
0 51.849220 4.969908 -2.66 11.15 101747 726236
8 51.849220 4.969910 -1.54 11.12 101734 727816
0 51.849224 4.969913 -2.00 11.10 101739 728434
0 51.849227 4.969923 -1.44 11.08 101733 729026
0 51.849231 4.969926 -0.73 11.05 101724 730619
0 51.849235 4.969930 -1.78 11.03 101737 731225
0 51.849243 4.969941 -3.33 11.05 101755 732821
0 51.849246 4.969937 -1.27 11.06 101731 733415
0 51.849262 4.969918 -1.34 11.10 101731 735012
0 51.849262 4.969903 -4.27 11.14 101767 735614
0 51.849266 4.969871 -1.54 11.13 101734 737219
0 51.849266 4.969844 -1.72 11.12 101736 737816
8 51.849273 4.969728 -0.86 11.21 101726 740012
0 51.849269 4.969685 -0.64 11.17 101723 740611
0 51.849277 4.969593 -1.31 11.13 101731 742203
0 51.849273 4.969542 -4.75 11.15 101773 742805
0 51.849281 4.969441 -2.15 11.17 101741 744401
0 51.849285 4.969392 -0.69 11.17 101723 745008
0 51.849285 4.969290 -0.37 11.18 101720 746588
0 51.849288 4.969234 -0.61 11.18 101723 747189
8 51.849292 4.969123 -0.68 11.16 101723 748734
0 51.849300 4.969067 -0.40 11.18 101720 749381
0 51.849300 4.969005 -0.14 11.19 101717 749982
0 51.849308 4.968888 -0.22 11.21 101718 751582
0 51.849311 4.968824 -0.46 11.22 101721 752179
0 51.849323 4.968699 -0.13 11.25 101717 753781
0 51.849327 4.968637 0.20 11.25 101713 754374
0 51.849330 4.968511 -0.08 11.21 101716 755982
0 51.849334 4.968450 0.33 11.19 101711 756588
9 51.849346 4.968332 -0.25 11.18 101718 758163
0 51.849346 4.968271 0.24 11.16 101712 758780
0 51.849349 4.968213 1.05 11.09 101703 759387
0 51.849357 4.968095 0.38 11.03 101711 760997
0 51.849361 4.968037 0.41 11.00 101710 761602
0 51.849365 4.967921 0.46 10.94 101710 763205
0 51.849372 4.967860 0.01 10.92 101715 763809
0 51.849384 4.967739 -0.24 10.90 101718 765416
0 51.849388 4.967679 0.18 10.90 101713 766013
0 51.849399 4.967553 0.26 10.88 101712 767617
0 51.849403 4.967494 0.60 10.87 101708 768236
9 51.849407 4.967373 0.41 10.89 101710 769789
0 51.849411 4.967310 0.34 10.91 101711 770441
0 51.849414 4.967245 -0.39 10.92 101720 771043
0 51.849426 4.967132 0.08 10.95 101714 772635
0 51.849426 4.967078 0.14 10.94 101714 773248
0 51.849433 4.966990 0.90 10.96 101704 774858
0 51.849433 4.966948 0.75 10.98 101706 775458
0 51.849445 4.966870 1.43 11.00 101698 777066
0 51.849445 4.966839 0.74 10.98 101706 777666
9 51.849445 4.966809 0.35 10.95 101711 779223
0 51.849445 4.966805 -0.40 10.97 101720 779874
0 51.849445 4.966799 -2.38 10.97 101744 780465
0 51.849445 4.966787 -1.24 11.00 101730 782065
0 51.849445 4.966786 -1.12 11.01 101729 782665
0 51.849445 4.966784 -1.15 11.04 101729 784261
0 51.849445 4.966784 -0.60 11.04 101722 784860
0 51.849449 4.966783 -0.86 11.08 101726 786458
0 51.849449 4.966782 -0.37 11.08 101720 787051
9 51.849445 4.966781 -0.83 11.11 101725 788639
0 51.849445 4.966780 -1.07 11.12 101728 789245
9 51.849445 4.966777 -1.41 11.16 101732 791453
0 51.849445 4.966777 -1.26 11.17 101730 792040
0 51.849445 4.966779 -1.14 11.24 101729 793637
0 51.849445 4.966778 -1.57 11.27 101734 794233
0 51.849445 4.966779 -1.49 11.31 101733 795831
0 51.849445 4.966779 -0.23 11.34 101718 796429
0 51.849445 4.966775 -3.69 11.33 101760 798026
0 51.849445 4.966776 0.32 11.32 101711 798619
9 51.849449 4.966778 0.30 11.39 101712 800174
0 51.849449 4.966774 -0.43 11.38 101720 800832
0 51.849445 4.966761 -0.98 11.40 101727 801422
0 51.849433 4.966728 -0.10 11.44 101716 803028
0 51.849433 4.966712 0.18 11.45 101713 803621
0 51.849433 4.966714 -0.31 11.54 101719 805232
0 51.849441 4.966710 0.18 11.57 101713 805826
0 51.849430 4.966732 0.66 11.61 101707 807433
0 51.849430 4.966741 0.58 11.61 101708 808040
9 51.849441 4.966741 0.41 11.57 101710 809603
0 51.849445 4.966735 -1.00 11.53 101727 810248
0 51.849445 4.966753 -0.35 11.54 101719 810850
0 51.849445 4.966766 -2.53 11.60 101746 812439
0 51.849441 4.966791 -2.44 11.65 101745 813034
0 51.849460 4.966791 -1.26 11.64 101730 814642
0 51.849445 4.966784 -1.52 11.67 101734 815235
0 51.849407 4.966778 -1.06 11.71 101728 816833
0 51.849422 4.966774 -1.15 11.73 101729 817428
0 51.849430 4.966772 -5.66 11.93 101784 819020
8 51.849411 4.966808 -0.22 12.07 101718 821804
0 51.849426 4.966802 -9.69 12.27 101832 823993
0 51.849426 4.966796 -4.32 12.13 101767 826188
0 51.849433 4.966801 0.41 12.08 101710 826774
0 51.849441 4.966790 -2.84 12.34 101749 835480
0 51.849445 4.966787 -2.72 12.22 101748 836070
0 51.849445 4.966783 -3.44 12.17 101757 837681
0 51.849445 4.966783 -3.62 12.07 101759 838262
9 51.849445 4.966779 -3.14 11.95 101753 839843
0 51.849445 4.966773 -1.60 11.92 101735 841055
0 51.849449 4.966781 -0.22 11.99 101718 844819
0 51.849449 4.966780 -5.74 12.01 101784 845416
0 51.849445 4.966781 -0.38 11.99 101720 847011
0 51.849445 4.966784 -1.40 11.88 101732 849193
0 51.849445 4.966785 -0.87 11.81 101726 849795
9 51.849445 4.966780 -0.74 11.66 101724 851987
0 51.849445 4.966785 -1.42 11.63 101732 852587
0 51.849445 4.966788 -1.40 11.51 101732 854185
0 51.849445 4.966789 -1.02 11.46 101728 854785
0 51.849449 4.966794 -1.77 11.53 101737 856377
0 51.849445 4.966795 -0.75 11.49 101724 856976
0 51.849449 4.966798 -0.67 11.45 101723 858576
0 51.849445 4.966797 -0.46 11.43 101721 859167
9 51.849449 4.966799 -0.74 11.42 101724 860756
0 51.849449 4.966801 -0.67 11.42 101723 861368
0 51.849449 4.966803 -0.93 11.40 101726 861958
0 51.849452 4.966809 -0.35 11.37 101719 863562
0 51.849452 4.966811 -0.77 11.37 101724 864155
0 51.849452 4.966810 -1.23 11.36 101730 865758
0 51.849452 4.966808 -1.02 11.33 101728 866349
0 51.849449 4.966807 -0.63 11.29 101723 867950
0 51.849449 4.966808 -3.88 11.30 101762 868547
9 51.849449 4.966810 -3.14 11.45 101753 870136
0 51.849452 4.966815 -1.00 11.50 101727 870742
0 51.849452 4.966816 -3.31 11.49 101755 871355
0 51.849449 4.966810 -1.62 11.59 101735 872941
0 51.849449 4.966808 -1.50 11.57 101733 873532
0 51.849445 4.966804 -1.98 11.54 101739 875134
0 51.849445 4.966803 -1.41 11.56 101732 875732
0 51.849445 4.966799 0.06 11.56 101714 877328
0 51.849449 4.966800 -0.59 11.55 101722 877931
0 51.849445 4.966803 -1.88 11.56 101738 879529
0 51.849445 4.966804 -1.26 11.61 101730 880124
9 51.849441 4.966800 -2.31 11.85 101743 882330
0 51.849433 4.966803 -2.87 11.85 101750 882937
0 51.849433 4.966822 -3.84 11.95 101761 884524
0 51.849433 4.966831 -4.34 12.04 101768 885112
0 51.849426 4.966880 -3.70 12.10 101760 886719
0 51.849422 4.966912 -3.52 12.13 101758 887319
0 51.849426 4.966976 -3.21 12.28 101754 888915
0 51.849426 4.967008 -3.53 12.30 101758 889509
9 51.849418 4.967083 -2.92 12.31 101750 891099
0 51.849422 4.967111 -3.62 12.29 101759 891706
0 51.849411 4.967141 -3.90 12.31 101762 892299
0 51.849407 4.967213 -2.49 12.37 101745 893898
0 51.849407 4.967245 -2.67 12.41 101747 894512
0 51.849407 4.967320 -4.08 12.43 101764 896096
0 51.849403 4.967360 -3.88 12.46 101762 896695
0 51.849388 4.967453 -1.58 12.49 101734 898287
0 51.849388 4.967501 -2.09 12.41 101740 898887
9 51.849391 4.967600 -2.52 12.40 101746 900477
0 51.849391 4.967642 -3.29 12.37 101755 901076
0 51.849388 4.967685 -3.75 12.32 101760 901679
0 51.849380 4.967784 0.09 12.29 101714 903271
0 51.849384 4.967823 0.64 12.23 101707 903877
0 51.849384 4.967895 -5.96 12.23 101787 905482
0 51.849384 4.967928 -4.42 12.35 101769 906095
0 51.849376 4.967983 -6.55 12.31 101794 907679
0 51.849369 4.968018 -6.30 12.41 101791 908275
0 51.849365 4.968060 -6.92 12.63 101799 909872
0 51.849365 4.968079 -7.05 12.70 101800 910475
9 51.849361 4.968161 -7.11 12.94 101801 912668
0 51.849361 4.968194 -6.83 12.97 101798 913263
0 51.849357 4.968262 -6.77 13.04 101797 914866
0 51.849353 4.968297 -6.06 13.12 101788 915460
0 51.849353 4.968356 -4.54 13.25 101770 917053
0 51.849353 4.968379 -5.70 13.32 101784 917660
0 51.849349 4.968421 -6.06 13.51 101788 919245
0 51.849349 4.968446 -5.46 13.55 101781 919842
9 51.849349 4.968471 -4.97 13.56 101775 921421
0 51.849349 4.968472 -5.32 13.54 101779 922033
0 51.849346 4.968477 -6.55 13.55 101794 922633
0 51.849346 4.968478 -5.02 13.61 101776 924233
0 51.849346 4.968476 -4.75 13.63 101773 924826
0 51.849346 4.968476 -6.35 13.72 101792 926424
0 51.849346 4.968472 -3.91 13.78 101762 927025
0 51.849353 4.968466 -4.39 13.87 101768 928619
0 51.849353 4.968466 -6.98 13.95 101800 929228
9 51.849353 4.968484 -4.44 13.96 101769 930804
0 51.849349 4.968498 -6.35 13.94 101792 931418
0 51.849346 4.968514 -5.25 13.94 101779 932018
0 51.849338 4.968569 -6.27 13.86 101791 933612
0 51.849338 4.968600 -5.95 13.86 101787 934211
0 51.849327 4.968673 -4.20 13.78 101766 935811
0 51.849323 4.968712 -5.37 13.79 101780 936407
0 51.849323 4.968789 -6.87 13.78 101798 938003
0 51.849319 4.968826 -4.95 13.72 101775 938597
0 51.849308 4.968893 -5.15 13.59 101777 940198
0 51.849308 4.968925 -6.30 13.50 101791 940806
9 51.849304 4.968995 -5.08 13.38 101776 942978
0 51.849304 4.968993 -3.60 13.37 101759 943581
0 51.849300 4.968993 -3.99 13.26 101763 945184
0 51.849300 4.968997 -4.37 13.27 101768 945776
0 51.849304 4.968995 0.77 13.13 101706 947376
0 51.849300 4.968993 -1.79 13.06 101737 947981
0 51.849300 4.968985 -0.12 12.93 101717 949579
0 51.849281 4.969002 -0.69 13.12 101724 959465
0 51.849285 4.968984 -0.57 12.93 101722 961648
0 51.849285 4.968978 -0.15 12.86 101717 962246
0 51.849288 4.968971 0.13 12.78 101714 963851
0 51.849292 4.968970 -2.75 12.76 101748 964445
0 51.849296 4.968952 0.35 12.67 101711 966044
0 51.849300 4.968940 0.33 12.67 101711 966649
0 51.849308 4.968905 0.35 12.57 101711 968259
0 51.849308 4.968889 0.10 12.50 101714 968861
0 51.849304 4.968853 0.90 12.50 101704 970470
0 51.849304 4.968838 0.84 12.51 101705 971074
9 51.849308 4.968815 0.29 12.38 101712 972675
0 51.849308 4.968802 0.41 12.39 101710 973284
0 51.849300 4.968792 0.73 12.32 101706 973898
0 51.849300 4.968761 0.55 12.30 101709 975519
0 51.849300 4.968747 0.53 12.27 101709 976107
0 51.849300 4.968719 0.45 12.16 101710 977711
0 51.849308 4.968708 0.20 12.13 101713 978317
0 51.849308 4.968701 0.32 12.13 101711 979915
0 51.849304 4.968699 0.31 12.12 101711 980525
9 51.849300 4.968699 0.18 12.12 101713 982125
0 51.849300 4.968699 0.07 12.12 101714 982734
0 51.849296 4.968699 0.63 12.08 101708 983340
0 51.849296 4.968694 0.15 12.11 101713 984944
0 51.849296 4.968693 0.31 12.11 101711 985553
0 51.849300 4.968689 0.27 12.11 101712 987170
0 51.849300 4.968690 0.60 12.09 101708 987758
0 51.849292 4.968694 0.32 12.06 101711 989365
0 51.849285 4.968692 -0.24 12.05 101718 989971
9 51.849281 4.968689 -0.54 12.04 101722 991556
0 51.849281 4.968693 -0.73 12.03 101724 992161
9 51.849277 4.968693 -0.66 11.99 101723 994360
0 51.849277 4.968693 -0.52 11.96 101721 994957
0 51.849277 4.968691 -0.50 11.94 101721 996554
0 51.849281 4.968690 -0.70 11.89 101724 997152
0 51.849281 4.968688 -1.20 11.82 101730 998763
0 51.849281 4.968687 -1.02 11.77 101728 999349
0 51.849281 4.968670 -5.20 11.81 101778 1001528
9 51.849281 4.968667 -4.03 11.79 101764 1003096
0 51.849281 4.968666 -4.00 11.83 101764 1003704
0 51.849281 4.968664 -5.11 11.83 101777 1004292
0 51.849285 4.968655 -5.72 11.96 101784 1008617
0 51.849285 4.968654 -1.46 11.97 101733 1010224
0 51.849285 4.968655 -1.11 11.91 101729 1010801
9 51.849288 4.968650 -0.17 11.87 101717 1012367
0 51.849288 4.968647 -3.71 11.86 101760 1012977
0 51.849292 4.968633 -0.75 12.01 101724 1015142
0 51.849300 4.968636 -1.48 11.99 101733 1015735
0 51.849308 4.968659 -0.54 11.94 101722 1017327
0 51.849308 4.968660 -0.39 11.91 101720 1017912
0 51.849308 4.968663 -0.62 11.87 101723 1019502
0 51.849308 4.968660 -0.33 11.90 101719 1020101
0 51.849308 4.968661 -0.89 11.90 101726 1021671
0 51.849308 4.968662 -1.06 11.87 101728 1022267
9 51.849308 4.968670 -0.85 11.83 101725 1024449
0 51.849308 4.968671 -0.50 11.79 101721 1025033
0 51.849308 4.968671 -0.65 11.77 101723 1026628
0 51.849304 4.968671 -0.47 11.73 101721 1027208
0 51.849304 4.968671 -0.23 11.72 101718 1028804
0 51.849304 4.968670 0.06 11.71 101715 1029382
0 51.849300 4.968668 -0.30 11.70 101719 1030982
0 51.849300 4.968668 -0.39 11.70 101720 1031574
9 51.849304 4.968669 -0.41 11.70 101720 1033140
0 51.849304 4.968670 -0.54 11.71 101722 1033750
0 51.849304 4.968671 -0.29 11.67 101719 1034342
0 51.849308 4.968673 -0.59 11.70 101722 1035931
0 51.849308 4.968675 -0.60 11.69 101722 1036529
0 51.849308 4.968677 -0.41 11.71 101720 1038114
0 51.849308 4.968679 -0.46 11.69 101721 1038703
0 51.849308 4.968681 -0.52 11.71 101722 1040293
0 51.849308 4.968681 -0.46 11.72 101721 1040876
10 51.849308 4.968682 -0.59 11.74 101722 1042433
0 51.849308 4.968682 -0.53 11.75 101722 1043062
0 51.849308 4.968682 -0.30 11.73 101719 1043634
0 51.849308 4.968682 -0.50 11.74 101721 1045224
0 51.849308 4.968682 -0.48 11.75 101721 1045818
0 51.849308 4.968682 -0.41 11.78 101720 1047403
0 51.849308 4.968682 -0.21 11.79 101718 1047992
0 51.849311 4.968682 -0.68 11.87 101723 1049581
0 51.849308 4.968682 -0.41 11.88 101720 1050167
0 51.849308 4.968682 -0.22 11.92 101718 1051754
0 51.849308 4.968682 -0.61 11.93 101723 1052345
10 51.849308 4.968681 -0.46 11.98 101721 1054530
0 51.849308 4.968681 -0.21 12.00 101718 1055104
0 51.849308 4.968680 -0.12 12.09 101717 1056694
0 51.849308 4.968680 -0.20 12.14 101718 1057286
0 51.849308 4.968679 -0.01 12.17 101715 1058876
0 51.849308 4.968679 -0.46 12.16 101721 1059462
0 51.849308 4.968680 -0.30 12.16 101719 1061048
0 51.849311 4.968679 -0.48 12.15 101721 1061642
11 51.849308 4.968686 0.26 12.15 101712 1063201
0 51.849311 4.968687 -0.15 12.17 101717 1063812
0 51.849311 4.968687 -0.13 12.15 101717 1064406
0 51.849311 4.968686 -0.28 12.14 101719 1066003
0 51.849311 4.968687 -0.54 12.11 101722 1066586
0 51.849311 4.968688 0.06 12.09 101714 1068168
0 51.849311 4.968689 0.10 12.09 101714 1068765
0 51.849315 4.968689 0.06 12.06 101714 1070359
0 51.849315 4.968689 0.08 12.06 101714 1070954
11 51.849319 4.968690 0.18 12.08 101713 1072535
0 51.849319 4.968689 -0.03 12.08 101716 1073147
0 51.849319 4.968689 0.07 12.05 101714 1073729
0 51.849319 4.968689 0.13 12.06 101714 1075331
0 51.849319 4.968690 -0.29 12.06 101719 1075932
0 51.849319 4.968690 -0.27 12.04 101718 1077517
0 51.849319 4.968691 -0.24 12.03 101718 1078104
0 51.849319 4.968690 0.15 12.00 101713 1079695
0 51.849319 4.968690 -0.16 11.98 101717 1080291
0 51.849323 4.968689 0.21 11.97 101713 1081880
0 51.849319 4.968691 -6.29 12.12 101791 1082477
11 51.849311 4.968697 -0.04 12.05 101716 1084654
0 51.849311 4.968697 0.08 12.03 101714 1085236
0 51.849315 4.968698 0.14 12.03 101713 1086827
0 51.849315 4.968697 0.08 12.02 101714 1087427
0 51.849315 4.968696 -0.22 12.02 101718 1089042
0 51.849315 4.968692 -0.36 12.01 101720 1089612
0 51.849311 4.968683 -0.29 12.03 101719 1091202
0 51.849311 4.968682 -0.23 12.02 101718 1091794
11 51.849311 4.968680 -0.27 12.05 101718 1093356
0 51.849311 4.968679 -0.32 12.06 101719 1093964
0 51.849311 4.968679 -0.04 12.06 101716 1094552
0 51.849308 4.968679 -0.10 12.12 101716 1096142
0 51.849308 4.968679 -0.26 12.13 101718 1096729
0 51.849311 4.968678 -0.06 12.16 101716 1098322
0 51.849315 4.968677 -0.90 12.19 101726 1098906
0 51.849315 4.968679 -0.77 12.36 101725 1100505
0 51.849315 4.968680 -0.73 12.45 101724 1101082
11 51.849319 4.968678 0.10 12.55 101714 1102655
0 51.849319 4.968678 -0.41 12.58 101720 1103260
0 51.849323 4.968678 -0.26 12.62 101718 1103847
0 51.849323 4.968677 -0.49 12.71 101721 1105440
0 51.849323 4.968678 -0.33 12.74 101719 1106025
